Time	Food	Creatures
100	204	10
200	209	10
300	215	10
400	225	11
500	234	11
600	236	7
700	242	7
800	248	7
900	258	8
1000	271	8
1100	278	6
1200	286	6
1300	293	7
1400	302	8
1500	318	9
1600	329	7
1700	338	7
1800	351	7
1900	360	4
2000	373	3
2100	386	4
2200	390	5
2300	409	5
2400	416	5
2500	427	5
2600	438	6
2700	444	6
2800	455	6
2900	472	6
3000	481	8
3100	486	9
3200	495	9
3300	501	7
3400	510	7
3500	531	7
3600	545	5
3700	561	5
3800	569	5
3900	578	6
4000	586	4
4100	596	5
4200	601	6
4300	606	8
4400	612	10
4500	622	11
4600	629	14
4700	631	19
4800	637	18
4900	642	19
5000	650	19
5100	647	22
5200	653	22
5300	655	23
5400	666	25
5500	668	26
5600	680	26
5700	687	34
5800	686	36
5900	679	42
6000	671	54
6100	663	60
6200	654	71
6300	637	86
6400	607	107
6500	571	123
6600	547	133
6700	494	163
6800	465	180
6900	425	201
7000	380	217
7100	326	230
7200	284	250
7300	265	242
7400	229	241
7500	212	233
7600	197	221
7700	190	198
7800	178	181
7900	163	170
8000	158	149
8100	158	126
8200	161	108
8300	151	102
8400	158	87
8500	166	74
8600	164	65
8700	179	55
8800	172	50
8900	177	51
9000	185	47
9100	182	45
9200	194	37
9300	198	35
9400	200	33
9500	200	27
9600	206	25
9700	214	26
9800	226	26
9900	234	25
10000	242	22
10100	258	23
10200	261	15
10300	265	11
10400	270	12
10500	274	10
10600	278	9
10700	290	9
10800	300	9
10900	306	10
11000	314	12
11100	322	11
11200	325	12
11300	332	15
11400	340	15
11500	343	15
11600	350	14
11700	362	16
11800	365	17
11900	375	20
12000	382	22
12100	394	23
12200	395	22
12300	399	22
12400	401	24
12500	404	26
12600	413	26
12700	420	30
12800	431	31
12900	433	30
13000	441	26
13100	445	31
13200	452	34
13300	453	33
13400	454	31
13500	460	35
13600	465	40
13700	471	40
13800	471	46
13900	475	50
14000	466	53
14100	463	54
14200	454	65
14300	456	71
14400	459	75
14500	450	81
14600	451	83
14700	448	89
14800	439	87
14900	428	85
15000	420	86
15100	407	94
15200	394	95
15300	373	100
15400	370	104
15500	361	110
15600	347	112
15700	334	112
15800	319	119
15900	297	127
16000	282	133
16100	268	131
16200	247	128
16300	230	133
16400	219	131
16500	212	124
16600	201	119
16700	198	109
16800	195	103
16900	194	93
17000	195	84
17100	192	83
17200	187	71
17300	192	63
17400	195	60
17500	193	55
17600	208	46
17700	213	43
17800	217	39
17900	215	42
18000	222	37
18100	218	37
18200	230	37
18300	239	34
18400	242	33
18500	239	31
18600	249	30
18700	256	28
18800	267	27
18900	272	26
19000	278	25
19100	280	27
19200	282	27
19300	293	27
19400	303	27
19500	311	27
19600	312	26
19700	318	27
19800	326	27
19900	331	27
20000	330	28
20100	339	33
20200	334	40
20300	330	42
20400	329	49
20500	327	51
20600	328	53
20700	316	62
20800	317	60
20900	309	66
21000	299	69
21100	303	69
21200	291	74
21300	288	72
21400	287	70
21500	281	67
21600	284	67
21700	285	67
21800	282	67
21900	289	70
22000	288	69
22100	280	72
22200	280	73
22300	286	71
22400	292	71
22500	284	69
22600	279	65
22700	284	61
22800	289	62
22900	288	59
23000	287	59
23100	278	59
23200	281	61
23300	275	64
23400	277	60
23500	274	60
23600	274	61
23700	273	59
23800	270	61
23900	274	55
24000	275	53
24100	281	52
24200	272	51
24300	280	51
24400	281	44
24500	289	44
24600	289	42
24700	293	44
24800	298	41
24900	301	42
25000	302	41
25100	318	39
25200	310	37
25300	313	36
25400	315	40
25500	320	40
25600	331	40
25700	336	39
25800	339	39
25900	336	37
26000	331	38
26100	338	38
26200	341	36
26300	344	38
26400	346	38
26500	346	39
26600	347	38
26700	347	40
26800	349	39
26900	351	40
27000	354	45
27100	354	45
27200	349	50
27300	346	55
27400	341	59
27500	343	57
27600	341	56
27700	335	57
27800	334	59
27900	328	62
28000	327	66
28100	326	67
28200	316	74
28300	302	75
28400	300	74
28500	294	77
28600	292	75
28700	289	75
28800	283	73
28900	272	77
29000	255	78
29100	248	84
29200	245	86
29300	237	86
29400	232	88
29500	232	85
29600	232	85
29700	223	83
29800	215	79
29900	214	74
30000	216	72
30100	210	68
30200	208	64
30300	216	54
30400	216	49
30500	217	48
30600	222	41
30700	230	36
30800	235	33
30900	251	30
31000	260	30
31100	266	23
31200	268	21
31300	274	21
31400	285	21
31500	296	18
31600	301	18
31700	309	18
31800	313	22
31900	321	26
32000	325	24
32100	334	23
32200	332	22
32300	343	21
32400	353	20
32500	360	16
32600	367	18
32700	372	19
32800	382	21
32900	388	16
33000	397	19
33100	404	21
33200	412	19
33300	413	19
33400	419	19
33500	419	18
33600	433	13
33700	440	16
33800	449	17
33900	448	23
34000	458	27
34100	472	28
34200	474	30
34300	472	35
34400	470	38
34500	476	40
34600	472	47
34700	465	56
34800	455	63
34900	444	72
35000	436	75
35100	429	79
35200	421	86
35300	410	92
35400	390	101
35500	383	104
35600	367	105
35700	345	109
35800	330	115
35900	316	121
36000	295	129
36100	266	140
36200	260	147
36300	241	149
36400	223	147
36500	216	144
36600	217	128
36700	206	117
36800	191	111
36900	183	102
37000	179	96
37100	188	86
37200	190	78
37300	188	75
37400	186	65
37500	186	62
37600	190	58
37700	196	53
37800	196	53
37900	202	46
38000	204	42
38100	210	32
38200	218	31
38300	225	32
38400	234	31
38500	237	30
38600	241	28
38700	248	26
38800	249	26
38900	253	21
39000	266	16
39100	274	16
39200	283	15
39300	295	18
39400	301	18
39500	305	19
39600	311	22
39700	318	19
39800	322	20
39900	326	20
40000	337	23
40100	349	20
40200	358	20
40300	356	29
40400	360	30
40500	365	26
40600	375	27
40700	385	31
40800	395	30
40900	398	27
41000	414	25
41100	419	24
41200	424	27
41300	428	30
41400	431	27
41500	435	29
41600	445	30
41700	453	25
41800	459	26
41900	466	25
42000	468	28
42100	456	34
42200	449	41
42300	446	48
42400	439	54
42500	435	62
42600	422	72
42700	421	77
42800	415	84
42900	403	86
43000	387	88
43100	363	94
43200	360	99
43300	355	103
43400	341	108
43500	325	113
43600	319	114
43700	307	108
43800	293	114
43900	291	111
44000	280	112
44100	255	106
44200	258	103
44300	253	94
44400	254	90
44500	249	89
44600	246	81
44700	245	80
44800	237	76
44900	235	71
45000	231	67
45100	233	65
45200	227	64
45300	228	59
45400	235	53
45500	243	56
45600	246	58
45700	247	55
45800	251	50
45900	252	51
46000	254	50
46100	252	49
46200	255	48
46300	256	48
46400	256	45
46500	263	45
46600	266	44
46700	268	40
46800	265	39
46900	267	43
47000	263	48
47100	269	49
47200	272	53
47300	270	56
47400	270	58
47500	277	52
47600	278	52
47700	282	47
47800	287	44
47900	284	43
48000	288	41
48100	295	37
48200	295	33
48300	294	34
48400	301	36
48500	306	34
48600	312	30
48700	314	28
48800	320	32
48900	322	33
49000	323	36
49100	322	35
49200	323	37
49300	326	37
49400	327	40
49500	330	40
49600	337	40
49700	341	37
49800	347	36
49900	347	35
50000	352	29
50100	355	32
50200	355	37
50300	349	42
50400	359	45
50500	361	49
50600	361	50
50700	355	45
50800	354	48
50900	360	49
51000	370	48
51100	380	51
51200	382	52
51300	381	58
51400	372	58
51500	368	53
51600	366	56
51700	360	59
51800	353	60
51900	340	71
52000	331	73
52100	321	76
52200	313	75
52300	316	75
52400	314	75
52500	314	77
52600	312	77
52700	311	75
52800	313	68
52900	307	67
53000	301	65
53100	293	73
53200	293	66
53300	286	71
53400	295	73
53500	294	75
53600	287	66
53700	286	59
53800	286	59
53900	289	59
54000	287	59
54100	290	52
54200	293	54
54300	297	52
54400	297	55
54500	293	56
54600	283	62
54700	288	63
54800	286	64
54900	283	62
55000	288	59
55100	278	64
55200	281	64
55300	277	67
55400	276	66
55500	280	62
55600	281	57
55700	287	51
55800	290	51
55900	294	51
56000	293	47
56100	308	43
56200	311	37
56300	318	32
56400	318	37
56500	319	33
56600	326	31
56700	329	32
56800	337	36
56900	339	30
57000	336	33
57100	343	34
57200	348	35
57300	350	32
57400	354	33
57500	351	37
57600	352	40
57700	357	47
57800	362	48
57900	365	44
58000	360	49
58100	359	49
58200	365	48
58300	370	43
58400	374	42
58500	384	42
58600	386	43
58700	389	39
58800	393	37
58900	390	41
59000	393	41
59100	388	44
59200	384	47
59300	383	46
59400	394	49
59500	393	47
59600	393	52
59700	383	52
59800	381	54
59900	378	62
60000	368	68
60100	367	69
60200	362	68
60300	356	74
60400	351	82
60500	354	78
60600	334	84
60700	323	89
60800	318	93
60900	313	102
61000	303	99
61100	287	105
61200	278	107
61300	265	109
61400	266	106
61500	258	102
61600	252	101
61700	256	102
61800	257	92
61900	259	84
62000	260	85
62100	260	76
62200	247	77
62300	244	87
62400	236	94
62500	224	95
62600	228	89
62700	221	84
62800	222	76
62900	221	72
63000	225	64
63100	231	65
63200	240	56
63300	242	52
63400	247	54
63500	260	51
63600	256	48
63700	262	47
63800	266	43
63900	270	43
64000	283	37
64100	286	32
64200	293	30
64300	296	29
64400	301	30
64500	303	27
64600	309	27
64700	312	26
64800	312	27
64900	321	26
65000	324	26
65100	337	25
65200	341	23
65300	342	23
65400	345	25
65500	350	28
65600	356	27
65700	359	28
65800	365	28
65900	370	30
66000	380	30
66100	382	32
66200	385	30
66300	387	34
66400	389	37
66500	386	44
66600	387	43
66700	383	45
66800	386	50
66900	381	52
67000	380	50
67100	376	49
67200	370	58
67300	374	58
67400	369	58
67500	367	55
67600	356	66
67700	360	66
67800	369	66
67900	366	72
68000	356	72
68100	360	64
68200	348	62
68300	352	69
68400	331	72
68500	339	74
68600	338	76
68700	324	79
68800	322	82
68900	308	81
69000	305	84
69100	290	88
69200	289	91
69300	284	94
69400	280	95
69500	285	86
69600	282	81
69700	272	83
69800	278	80
69900	272	71
70000	272	69
70100	274	69
70200	279	62
70300	285	62
70400	287	56
70500	290	54
70600	287	56
70700	289	51
70800	294	47
70900	294	50
71000	296	52
71100	285	56
71200	284	55
71300	283	57
71400	278	64
71500	273	65
71600	265	63
71700	262	66
71800	273	66
71900	274	67
72000	277	62
72100	267	62
72200	262	57
72300	265	56
72400	267	50
72500	273	49
72600	278	45
72700	282	46
72800	278	48
72900	283	40
73000	290	40
73100	290	45
73200	295	42
73300	294	39
73400	298	41
73500	310	35
73600	312	32
73700	317	31
73800	320	30
73900	324	33
74000	325	32
74100	326	34
74200	325	37
74300	332	39
74400	334	41
74500	337	38
74600	341	36
74700	346	35
74800	346	33
74900	350	35
75000	350	37
75100	359	37
75200	357	44
75300	357	53
75400	353	59
75500	349	66
75600	348	72
75700	342	77
75800	340	77
75900	343	75
76000	343	77
76100	334	76
76200	332	71
76300	321	75
76400	321	79
76500	314	83
76600	315	80
76700	303	79
76800	296	81
76900	284	82
77000	271	89
77100	276	88
77200	268	86
77300	262	88
77400	264	85
77500	254	76
77600	253	74
77700	254	69
77800	251	65
77900	244	70
78000	244	70
78100	255	72
78200	259	67
78300	267	65
78400	274	56
78500	289	49
78600	295	42
78700	299	43
78800	298	42
78900	298	41
79000	297	39
79100	293	41
79200	300	38
79300	299	40
79400	316	37
79500	321	37
79600	327	36
79700	324	37
79800	327	40
79900	328	45
80000	321	51
80100	321	49
80200	319	49
80300	323	47
80400	331	43
80500	338	41
80600	347	32
80700	353	29
80800	354	30
80900	365	27
81000	372	26
81100	371	25
81200	372	31
81300	379	29
81400	381	29
81500	391	34
81600	399	35
81700	398	42
81800	399	39
81900	395	44
82000	393	49
82100	393	52
82200	380	60
82300	379	66
82400	372	71
82500	367	73
82600	362	81
82700	348	88
82800	335	93
82900	323	99
83000	315	95
83100	306	100
83200	307	95
83300	304	89
83400	295	88
83500	281	96
83600	276	100
83700	266	95
83800	259	94
83900	248	97
84000	234	101
84100	232	94
84200	229	88
84300	230	85
84400	232	77
84500	231	66
84600	230	64
84700	237	65
84800	239	64
84900	238	61
85000	234	59
85100	232	55
85200	233	56
85300	240	49
85400	243	51
85500	249	50
85600	254	45
85700	264	43
85800	263	39
85900	262	42
86000	262	33
86100	270	35
86200	280	35
86300	288	27
86400	302	22
86500	309	18
86600	318	16
86700	323	13
86800	332	14
86900	339	16
87000	345	15
87100	352	13
87200	361	14
87300	368	12
87400	379	11
87500	391	11
87600	397	12
87700	401	14
87800	405	14
87900	416	14
88000	419	17
88100	426	19
88200	427	25
88300	427	26
88400	433	27
88500	441	28
88600	445	28
88700	446	28
88800	449	27
88900	461	28
89000	469	26
89100	471	29
89200	473	31
89300	471	35
89400	469	36
89500	468	41
89600	465	43
89700	475	45
89800	471	47
89900	462	50
90000	464	53
90100	459	59
90200	445	64
90300	434	76
90400	430	77
90500	412	86
90600	403	95
90700	396	101
90800	382	94
90900	370	96
91000	361	101
91100	354	97
91200	333	111
91300	326	113
91400	311	111
91500	311	113
91600	298	114
91700	286	116
91800	282	101
91900	268	100
92000	265	92
92100	255	96
92200	253	94
92300	250	92
92400	244	91
92500	239	83
92600	243	77
92700	242	67
92800	247	63
92900	247	58
93000	247	57
93100	246	55
93200	249	46
93300	250	47
93400	253	49
93500	250	53
93600	245	58
93700	247	58
93800	249	53
93900	251	52
94000	253	55
94100	258	49
94200	256	45
94300	259	45
94400	270	49
94500	274	50
94600	274	50
94700	268	52
94800	274	51
94900	271	49
95000	268	50
95100	274	50
95200	275	45
95300	276	48
95400	283	46
95500	283	46
95600	284	47
95700	280	46
95800	285	42
95900	292	43
96000	300	41
96100	306	40
96200	310	41
96300	309	39
96400	312	38
96500	318	39
96600	327	40
96700	331	43
96800	342	39
96900	345	35
97000	346	36
97100	350	35
97200	351	33
97300	350	35
97400	353	37
97500	358	38
97600	361	41
97700	368	36
97800	369	37
97900	366	39
98000	367	38
98100	365	42
98200	372	41
98300	362	51
98400	369	56
98500	374	55
98600	378	63
98700	374	68
98800	364	73
98900	368	74
99000	360	77
99100	348	82
99200	348	80
99300	339	84
99400	330	87
99500	316	98
99600	312	100
99700	306	97
99800	299	91
99900	290	93
100000	290	89
100100	290	89
100200	290	79
100300	289	79
100400	286	79
100500	277	70
100600	280	70
100700	280	67
