width: 600; height: 400
initialCount: 312, energy: 500, r: 1, growthRate: 0.1
initialCount: 50, energy: 500, metabolism: 1, reproductionThreshold: 1000, size: 9, speed: 0.2, type: Bloop2
Time	Food	Creatures	Size
0	312	50	9
100	306	55	9.036363636363637
200	305	57	9.052631578947368
300	299	65	9
400	293	73	9
500	296	76	8.986842105263158
600	292	67	9.014925373134329
700	296	68	8.985294117647058
800	292	75	8.973333333333333
900	294	70	8.985714285714286
1000	291	73	9.04109589041096
1100	295	64	9.0625
1200	292	63	9
1300	297	60	8.983333333333333
1400	300	56	8.928571428571429
1500	308	53	8.943396226415095
1600	317	49	8.89795918367347
1700	318	52	8.846153846153847
1800	320	43	8.883720930232558
1900	316	42	8.880952380952381
2000	317	38	8.868421052631579
2100	330	39	8.794871794871796
2200	335	36	8.777777777777779
2300	340	34	8.794117647058824
2400	343	31	8.774193548387096
2500	346	31	8.774193548387096
2600	348	30	8.766666666666667
2700	361	31	8.96774193548387
2800	365	32	8.96875
2900	365	32	8.9375
3000	365	38	9.157894736842104
3100	364	40	9.15
3200	369	44	9.25
3300	371	46	9.217391304347826
3400	362	49	9.183673469387756
3500	367	52	9.192307692307692
3600	373	55	9.072727272727272
3700	369	57	9.087719298245615
3800	375	57	8.929824561403509
3900	368	66	9.090909090909092
4000	364	69	9.072463768115941
4100	353	75	9.093333333333334
4200	352	81	9.160493827160494
4300	338	88	9.147727272727273
4400	329	92	9.271739130434783
4500	314	96	9.3125
4600	319	100	9.36
4700	311	99	9.353535353535353
4800	304	99	9.303030303030303
4900	290	103	9.368932038834952
5000	284	108	9.425925925925926
5100	269	108	9.38888888888889
5200	249	114	9.37719298245614
5300	248	109	9.412844036697248
5400	239	106	9.452830188679245
5500	236	110	9.4
5600	219	113	9.336283185840708
5700	223	109	9.440366972477063
5800	219	104	9.538461538461538
5900	221	101	9.623762376237623
6000	218	95	9.652631578947368
6100	217	87	9.804597701149426
6200	213	77	9.857142857142858
6300	202	79	9.89873417721519
6400	191	77	9.909090909090908
6500	194	73	9.904109589041095
6600	199	68	9.882352941176471
6700	195	66	9.969696969696969
6800	207	63	10.031746031746032
6900	209	54	10.074074074074074
7000	207	50	9.98
7100	207	46	10.043478260869565
7200	213	45	10.022222222222222
7300	218	45	10
7400	222	39	10.051282051282051
7500	226	38	10.210526315789474
7600	230	32	10.375
7700	234	27	10.481481481481481
7800	239	27	10.481481481481481
7900	248	23	10
8000	253	20	9.85
8100	263	18	9.88888888888889
8200	272	15	9.933333333333334
8300	283	14	10
8400	293	12	9.666666666666666
8500	298	12	9.666666666666666
8600	313	15	9.333333333333334
8700	323	14	9.285714285714286
8800	326	13	9.307692307692308
8900	334	13	9.461538461538462
9000	341	12	9.583333333333334
9100	349	11	10.272727272727273
9200	360	12	10.583333333333334
9300	363	15	10.866666666666667
9400	368	18	10.444444444444445
9500	378	19	10.473684210526315
9600	383	18	10.38888888888889
9700	391	20	10.45
9800	397	20	10.3
9900	401	18	10.055555555555555
10000	407	20	10.25
10100	407	23	10.478260869565217
10200	406	24	10.5
10300	413	27	10.481481481481481
10400	411	27	10.777777777777779
10500	418	29	10.89655172413793
10600	421	30	10.833333333333334
10700	421	33	10.696969696969697
10800	410	42	10.523809523809524
10900	417	44	10.659090909090908
11000	418	50	10.7
11100	419	52	10.711538461538462
11200	409	60	10.833333333333334
11300	401	62	10.96774193548387
11400	385	77	10.896103896103897
11500	381	82	10.890243902439025
11600	371	91	10.758241758241759
11700	372	91	10.835164835164836
11800	361	95	10.873684210526315
11900	361	96	10.677083333333334
12000	343	96	10.677083333333334
12100	329	102	10.617647058823529
12200	317	109	10.53211009174312
12300	315	108	10.555555555555555
12400	302	111	10.45945945945946
12500	296	110	10.463636363636363
12600	278	118	10.533898305084746
12700	274	117	10.495726495726496
12800	256	117	10.393162393162394
12900	252	114	10.394736842105264
13000	236	123	10.300813008130081
13100	234	118	10.186440677966102
13200	231	114	10.157894736842104
13300	220	101	10.05940594059406
13400	214	98	10.13265306122449
13500	214	92	10.141304347826088
13600	209	91	10.10989010989011
13700	214	79	10.20253164556962
13800	209	83	10.156626506024097
13900	199	89	10.168539325842696
14000	205	85	10.176470588235293
14100	199	79	10.177215189873417
14200	193	81	10.320987654320987
14300	192	76	10.355263157894736
14400	194	66	10.43939393939394
14500	204	62	10.370967741935484
14600	205	58	10.517241379310345
14700	209	53	10.471698113207546
14800	214	48	10.479166666666666
14900	219	45	10.511111111111111
15000	223	42	10.571428571428571
15100	223	45	10.6
15200	224	43	10.488372093023257
15300	225	44	10.5
15400	226	47	10.638297872340425
15500	223	49	10.857142857142858
15600	230	47	10.76595744680851
15700	236	41	10.829268292682928
15800	248	40	10.8
15900	255	35	10.542857142857143
16000	261	34	10.647058823529411
16100	263	34	10.5
16200	268	32	10.6875
16300	275	33	10.757575757575758
16400	289	29	10.758620689655173
16500	287	30	10.633333333333333
16600	282	31	10.548387096774194
16700	276	33	10.727272727272727
16800	280	33	10.696969696969697
16900	287	38	10.68421052631579
17000	286	43	10.837209302325581
17100	286	42	10.880952380952381
17200	290	38	10.842105263157896
17300	290	42	11
17400	287	45	11.266666666666667
17500	293	39	11.512820512820513
17600	300	39	11.794871794871796
17700	286	45	12.133333333333333
17800	285	47	12.191489361702128
17900	284	47	12.191489361702128
18000	281	48	12.25
18100	279	51	12.352941176470589
18200	282	51	12.313725490196079
18300	278	51	12.27450980392157
18400	271	57	12.403508771929825
18500	265	60	12.483333333333333
18600	252	70	12.685714285714285
18700	246	74	12.662162162162161
18800	243	71	12.71830985915493
18900	243	70	12.8
19000	246	69	12.898550724637682
19100	238	75	12.92
19200	239	71	12.95774647887324
19300	235	68	13.117647058823529
19400	231	65	13.092307692307692
19500	230	69	13.043478260869565
19600	219	69	13.043478260869565
19700	218	72	13.01388888888889
19800	211	72	12.98611111111111
19900	216	69	13.072463768115941
20000	206	68	13.102941176470589
20100	210	60	13.25
20200	218	57	13.298245614035087
20300	217	56	13.392857142857142
20400	220	51	13.333333333333334
20500	220	46	13.23913043478261
20600	221	43	12.976744186046512
20700	219	43	12.930232558139535
20800	231	37	12.891891891891891
20900	234	37	13.162162162162161
21000	243	37	13.135135135135135
21100	246	32	13.3125
21200	257	29	13.413793103448276
21300	264	27	13.37037037037037
21400	280	26	13.23076923076923
21500	291	26	13.076923076923077
21600	292	23	13.26086956521739
21700	296	27	13.148148148148149
21800	299	28	12.928571428571429
21900	305	26	12.884615384615385
22000	306	29	12.89655172413793
22100	305	34	12.705882352941176
22200	309	37	12.567567567567568
22300	313	38	12.5
22400	315	38	12.18421052631579
22500	314	41	12.097560975609756
22600	312	43	11.720930232558139
22700	315	42	11.428571428571429
22800	321	45	11.511111111111111
22900	326	46	11.521739130434783
23000	334	45	11.466666666666667
23100	338	36	11.694444444444445
23200	338	37	11.675675675675675
23300	338	41	11.926829268292684
23400	343	43	11.86046511627907
23500	343	44	11.772727272727273
23600	343	47	11.936170212765957
23700	344	50	12.22
23800	341	49	12.346938775510203
23900	349	46	12.5
24000	347	51	12.568627450980392
24100	341	56	13
24200	342	57	13.017543859649123
24300	341	56	13.071428571428571
24400	335	64	13
24500	326	72	13.055555555555555
24600	322	71	13.183098591549296
24700	310	71	13.23943661971831
24800	299	80	13.1875
24900	293	83	13.19277108433735
25000	287	85	13.294117647058824
25100	279	87	13.137931034482758
25200	272	91	13.043956043956044
25300	264	99	13.16161616161616
25400	249	96	13.177083333333334
25500	228	103	13.330097087378642
25600	226	100	13.34
25700	218	97	13.412371134020619
25800	212	97	13.474226804123711
25900	211	87	13.482758620689655
26000	207	89	13.606741573033707
26100	200	87	13.620689655172415
26200	204	76	13.592105263157896
26300	212	69	13.608695652173912
26400	209	65	13.676923076923076
26500	206	60	13.533333333333333
26600	211	56	13.464285714285714
26700	202	59	13.745762711864407
26800	206	61	13.770491803278688
26900	214	58	13.862068965517242
27000	216	54	13.796296296296296
27100	216	52	13.807692307692308
27200	228	46	13.847826086956522
27300	230	41	13.804878048780488
27400	239	39	13.692307692307692
27500	239	40	13.75
27600	249	37	13.702702702702704
27700	249	35	13.885714285714286
27800	251	38	13.894736842105264
27900	253	40	13.85
28000	262	40	13.85
28100	268	41	13.975609756097562
28200	267	37	14.027027027027026
28300	270	35	13.885714285714286
28400	273	31	13.870967741935484
28500	275	31	13.870967741935484
28600	282	28	13.892857142857142
28700	288	27	13.666666666666666
28800	296	28	13.785714285714286
28900	293	32	14.1875
29000	297	33	14.181818181818182
29100	297	33	14.181818181818182
29200	292	39	14.307692307692308
29300	289	38	14.526315789473685
29400	296	36	14.805555555555555
29500	295	38	14.710526315789474
29600	291	38	14.710526315789474
29700	292	43	14.744186046511627
29800	292	48	14.645833333333334
29900	292	47	14.51063829787234
30000	295	47	14.46808510638298
30100	297	47	14.425531914893616
30200	294	52	14.442307692307692
30300	296	51	14.294117647058824
30400	289	51	14.352941176470589
30500	290	53	14.39622641509434
30600	287	56	14.464285714285714
30700	289	56	14.625
30800	292	61	14.540983606557377
30900	291	56	14.482142857142858
31000	297	59	14.389830508474576
31100	294	60	14.416666666666666
31200	292	66	14.378787878787879
31300	291	61	14.40983606557377
31400	287	67	14.447761194029852
31500	281	74	14.41891891891892
31600	273	69	14.55072463768116
31700	275	65	14.584615384615384
31800	275	66	14.606060606060606
31900	279	63	14.666666666666666
32000	274	58	14.620689655172415
32100	271	56	14.767857142857142
32200	274	53	14.735849056603774
32300	277	55	14.690909090909091
32400	286	51	14.627450980392156
32500	296	47	14.595744680851064
32600	292	53	14.641509433962264
32700	300	52	14.673076923076923
32800	300	52	14.73076923076923
32900	295	53	14.754716981132075
33000	286	56	14.75
33100	280	63	14.698412698412698
33200	280	64	14.828125
33300	276	64	14.75
33400	272	71	14.774647887323944
33500	270	74	14.878378378378379
33600	264	80	14.775
33700	250	84	14.833333333333334
33800	258	81	14.814814814814815
33900	258	79	14.91139240506329
34000	258	78	15.038461538461538
34100	256	76	15.105263157894736
34200	257	80	15.0375
34300	248	79	15.025316455696203
34400	239	79	14.886075949367088
34500	241	77	14.857142857142858
34600	237	79	15.025316455696203
34700	230	81	15.234567901234568
34800	228	75	15.306666666666667
34900	233	74	15.337837837837839
35000	234	71	15.28169014084507
35100	224	60	15.25
35200	219	60	15.1
35300	223	56	15.053571428571429
35400	221	59	14.966101694915254
35500	222	58	14.931034482758621
35600	220	53	14.849056603773585
35700	223	56	14.928571428571429
35800	228	50	14.88
35900	232	48	14.9375
36000	235	46	14.956521739130435
36100	239	44	14.977272727272727
36200	231	42	14.976190476190476
36300	236	40	14.825
36400	240	38	14.921052631578947
36500	238	40	14.9
36600	237	41	14.853658536585366
36700	238	37	14.91891891891892
36800	247	37	14.91891891891892
36900	247	36	14.944444444444445
37000	249	35	14.971428571428572
37100	254	32	14.9375
37200	255	32	15.0625
37300	251	37	15.108108108108109
37400	261	39	15.35897435897436
37500	265	39	15.538461538461538
37600	263	43	15.488372093023257
37700	258	49	15.714285714285714
37800	258	51	15.764705882352942
37900	266	46	15.782608695652174
38000	260	48	16.020833333333332
38100	249	53	16.28301886792453
38200	248	58	16.25862068965517
38300	247	55	16.254545454545454
38400	249	53	16.264150943396228
38500	245	58	16.362068965517242
38600	247	57	16.54385964912281
38700	242	60	16.733333333333334
38800	244	60	16.85
38900	240	66	16.818181818181817
39000	238	64	16.9375
39100	239	70	16.942857142857143
39200	234	66	16.893939393939394
39300	231	74	16.864864864864863
39400	231	74	17
39500	221	73	17.041095890410958
39600	225	73	17.10958904109589
39700	217	72	17.069444444444443
39800	221	70	17.1
39900	223	66	16.96969696969697
40000	220	61	16.885245901639344
40100	220	61	16.78688524590164
40200	221	58	16.844827586206897
40300	219	61	16.81967213114754
40400	213	58	16.862068965517242
40500	208	58	16.74137931034483
40600	219	55	16.727272727272727
40700	212	57	16.63157894736842
40800	216	55	16.818181818181817
40900	219	47	16.70212765957447
41000	218	54	16.72222222222222
41100	221	49	16.653061224489797
41200	225	45	16.711111111111112
41300	219	49	16.918367346938776
41400	221	52	16.903846153846153
41500	225	51	16.784313725490197
41600	225	48	17.041666666666668
41700	232	47	17.148936170212767
41800	225	53	16.962264150943398
41900	231	51	16.823529411764707
42000	226	48	17
42100	233	50	16.94
42200	233	51	16.80392156862745
42300	236	45	16.755555555555556
42400	231	42	16.80952380952381
42500	231	41	17.195121951219512
42600	236	35	17.457142857142856
42700	240	35	17.6
42800	245	33	17.848484848484848
42900	250	32	17.84375
43000	251	35	17.914285714285715
43100	260	39	18.153846153846153
43200	262	38	18.42105263157895
43300	274	40	18.5
43400	281	40	18.55
43500	280	36	18.666666666666668
43600	280	34	18.558823529411764
43700	284	33	18.484848484848484
43800	289	34	18.5
43900	290	33	18.484848484848484
44000	289	32	18.625
44100	287	38	18.526315789473685
44200	293	38	18.473684210526315
44300	292	39	18.41025641025641
44400	297	33	18.484848484848484
44500	293	43	18.488372093023255
44600	292	48	18.583333333333332
44700	287	51	19.19607843137255
44800	296	53	19.18867924528302
44900	302	56	19.196428571428573
45000	306	53	19.32075471698113
45100	306	58	19.310344827586206
45200	294	59	19.559322033898304
45300	279	62	19.43548387096774
45400	281	64	19.578125
45500	282	69	19.72463768115942
45600	275	68	19.794117647058822
45700	270	70	19.87142857142857
45800	268	65	19.96923076923077
45900	253	72	20.069444444444443
46000	246	78	20.294871794871796
46100	250	82	20.28048780487805
46200	244	79	20.164556962025316
46300	241	81	20.209876543209877
46400	241	79	20.31645569620253
46500	229	84	20.547619047619047
46600	233	87	20.517241379310345
46700	224	86	20.348837209302324
46800	208	89	20.258426966292134
46900	198	89	20.348314606741575
47000	193	87	20.126436781609197
47100	182	84	20.023809523809526
47200	181	85	20.141176470588235
47300	173	90	20.18888888888889
47400	172	85	20.058823529411764
47500	170	79	19.82278481012658
47600	174	75	19.973333333333333
47700	172	71	20.098591549295776
47800	173	60	20
47900	169	56	20.017857142857142
48000	170	49	20.224489795918366
48100	176	56	20.196428571428573
48200	170	56	19.946428571428573
48300	171	52	19.884615384615383
48400	176	51	20.11764705882353
48500	174	51	20.176470588235293
48600	182	45	20.066666666666666
48700	184	43	20
48800	187	42	20.142857142857142
48900	195	41	20.073170731707318
49000	194	43	20.093023255813954
49100	201	38	20.05263157894737
49200	207	36	20.52777777777778
49300	211	34	20.529411764705884
49400	220	31	20.387096774193548
49500	215	26	20.615384615384617
49600	217	29	21.03448275862069
49700	220	26	21
49800	224	27	21.074074074074073
49900	236	28	21.071428571428573
50000	244	30	21.1
50100	244	27	21.11111111111111
50200	242	28	21.464285714285715
50300	250	29	21.482758620689655
50400	259	27	21.74074074074074
50500	260	28	21.785714285714285
50600	269	26	21.807692307692307
50700	279	25	21.88
50800	279	22	21.681818181818183
50900	286	27	21.925925925925927
51000	296	25	21.92
51100	304	24	21.916666666666668
51200	312	24	22.083333333333332
51300	313	26	22.03846153846154
51400	320	26	22.192307692307693
51500	327	25	22.12
51600	332	26	22.153846153846153
51700	337	27	22.11111111111111
51800	336	25	22.12
51900	339	22	22.136363636363637
52000	339	33	22.363636363636363
52100	339	36	22.305555555555557
52200	339	38	22.289473684210527
52300	338	48	22.354166666666668
52400	338	52	22.403846153846153
52500	330	55	22.418181818181818
52600	326	63	22.365079365079364
52700	313	73	22.301369863013697
52800	300	83	22.240963855421686
52900	290	85	22.11764705882353
53000	272	94	22.25531914893617
53100	264	107	22.186915887850468
53200	251	113	22.300884955752213
53300	240	114	22.37719298245614
53400	224	127	22.35433070866142
53500	198	126	22.444444444444443
53600	184	125	22.44
53700	168	122	22.508196721311474
53800	160	119	22.51260504201681
53900	154	124	22.491935483870968
54000	140	116	22.525862068965516
54100	135	110	22.463636363636365
54200	129	109	22.46788990825688
54300	122	97	22.391752577319586
54400	125	90	22.42222222222222
54500	131	78	22.423076923076923
54600	137	73	22.383561643835616
54700	136	62	22.451612903225808
54800	141	56	22.517857142857142
54900	143	49	22.571428571428573
55000	156	42	22.476190476190474
55100	157	34	22.470588235294116
55200	163	32	22.53125
55300	174	33	22.515151515151516
55400	181	31	22.64516129032258
55500	191	29	22.82758620689655
55600	200	29	22.689655172413794
55700	209	31	22.419354838709676
55800	221	29	22.620689655172413
55900	226	26	22.76923076923077
56000	226	28	22.821428571428573
56100	225	32	22.875
56200	224	31	22.93548387096774
56300	229	28	22.928571428571427
56400	227	35	22.714285714285715
56500	229	38	22.81578947368421
56600	233	41	22.804878048780488
56700	237	37	23
56800	236	40	22.8
56900	245	43	22.837209302325583
57000	241	43	22.627906976744185
57100	247	42	22.571428571428573
57200	233	48	22.583333333333332
57300	234	55	22.436363636363637
57400	231	57	22.350877192982455
57500	231	52	22.53846153846154
57600	234	55	22.545454545454547
57700	235	56	22.482142857142858
57800	239	50	22.46
57900	245	49	22.285714285714285
58000	244	46	22.304347826086957
58100	243	49	22.367346938775512
58200	241	49	22.387755102040817
58300	237	46	22.347826086956523
58400	237	49	22.367346938775512
58500	248	51	22.15686274509804
58600	248	50	22.08
58700	255	52	21.98076923076923
58800	256	56	22.017857142857142
58900	251	53	21.754716981132077
59000	252	55	21.745454545454546
59100	251	56	21.910714285714285
59200	246	58	22.017241379310345
59300	244	61	22.081967213114755
59400	244	67	22.19402985074627
59500	243	68	22
59600	247	68	22.279411764705884
59700	249	65	22.23076923076923
59800	249	64	22.25
59900	246	66	22.015151515151516
60000	242	69	21.985507246376812
60100	227	74	21.93243243243243
60200	227	74	21.81081081081081
60300	223	79	21.873417721518987
60400	218	82	21.609756097560975
60500	205	83	21.674698795180724
60600	194	86	21.662790697674417
60700	189	81	21.567901234567902
60800	181	83	21.397590361445783
60900	172	81	21.506172839506174
61000	171	77	21.467532467532468
61100	172	79	21.620253164556964
61200	170	78	21.67948717948718
61300	174	74	21.60810810810811
61400	167	74	21.783783783783782
61500	173	64	22
61600	171	65	22.015384615384615
61700	174	58	22.17241379310345
61800	176	59	22.11864406779661
61900	176	54	22.203703703703702
62000	178	56	22.089285714285715
62100	176	57	21.94736842105263
62200	179	50	22.1
62300	174	53	22.11320754716981
62400	181	54	22.333333333333332
62500	193	55	22.363636363636363
62600	185	57	22.403508771929825
62700	192	47	22.27659574468085
62800	198	44	22.272727272727273
62900	200	43	22.372093023255815
63000	197	42	22.30952380952381
63100	206	44	22.431818181818183
63200	214	43	22.558139534883722
63300	219	42	22.428571428571427
63400	225	42	22.5
63500	223	39	22.564102564102566
63600	222	38	22.657894736842106
63700	236	34	22.705882352941178
63800	234	40	22.575
63900	242	40	22.825
64000	242	41	22.853658536585368
64100	250	46	22.47826086956522
64200	250	51	22.58823529411765
64300	253	54	22.48148148148148
64400	247	51	22.470588235294116
64500	258	51	22.45098039215686
64600	259	52	22.25
64700	254	58	22.17241379310345
64800	246	60	22.216666666666665
64900	242	60	22.066666666666666
65000	240	61	21.9672131147541
65100	238	61	21.885245901639344
65200	235	58	22.120689655172413
65300	228	58	22.155172413793103
65400	229	62	22.29032258064516
65500	224	64	22.390625
65600	224	64	22.4375
65700	224	61	22.524590163934427
65800	220	61	22.557377049180328
65900	216	66	22.545454545454547
66000	215	65	22.369230769230768
66100	203	70	22.65714285714286
66200	210	67	22.62686567164179
66300	209	66	22.575757575757574
66400	204	70	22.885714285714286
66500	199	70	23.042857142857144
66600	202	71	23.112676056338028
66700	204	67	22.940298507462686
66800	196	72	23.25
66900	200	69	23.492753623188406
67000	195	71	23.64788732394366
67100	199	64	23.921875
67200	199	68	23.941176470588236
67300	196	67	24.01492537313433
67400	201	62	24
67500	199	62	24.048387096774192
67600	199	60	24.033333333333335
67700	196	54	24.296296296296298
67800	199	52	24.442307692307693
67900	201	52	24.692307692307693
68000	200	51	24.686274509803923
68100	203	51	24.745098039215687
68200	211	46	24.956521739130434
68300	207	41	25.048780487804876
68400	209	44	25.272727272727273
68500	211	38	25.44736842105263
68600	218	37	25.45945945945946
68700	227	32	25.25
68800	230	34	25.294117647058822
68900	234	33	25.12121212121212
69000	236	34	25.176470588235293
69100	237	37	25.243243243243242
69200	240	36	25.25
69300	240	38	25.263157894736842
69400	235	41	25.24390243902439
69500	235	44	25.181818181818183
69600	236	42	25.142857142857142
69700	236	39	25.102564102564102
69800	239	44	25.136363636363637
69900	241	46	25.08695652173913
70000	239	45	25.11111111111111
70100	236	50	25.22
70200	239	48	25.416666666666668
70300	234	54	25.62962962962963
70400	235	61	25.737704918032787
70500	227	63	25.77777777777778
70600	220	68	25.764705882352942
70700	219	70	25.757142857142856
70800	215	72	25.791666666666668
70900	208	73	25.698630136986303
71000	201	73	25.589041095890412
71100	189	76	25.56578947368421
71200	182	77	25.532467532467532
71300	186	78	25.602564102564102
71400	177	78	25.576923076923077
71500	177	75	25.506666666666668
71600	174	73	25.506849315068493
71700	177	68	25.558823529411764
71800	175	66	25.5
71900	182	57	25.45614035087719
72000	183	56	25.464285714285715
72100	181	54	25.555555555555557
72200	185	51	25.54901960784314
72300	191	46	25.58695652173913
72400	199	43	25.3953488372093
72500	195	44	25.40909090909091
72600	193	46	25.565217391304348
72700	190	53	25.547169811320753
72800	199	50	25.4
72900	199	49	25.346938775510203
73000	204	48	25.520833333333332
73100	197	53	25.528301886792452
73200	207	52	25.384615384615383
73300	214	51	25.392156862745097
73400	218	50	25.46
73500	210	50	25.3
73600	208	50	25.34
73700	216	49	25.387755102040817
73800	215	51	25.254901960784313
73900	211	54	25.25925925925926
74000	202	56	25.125
74100	196	54	25.203703703703702
74200	199	51	25.235294117647058
74300	201	46	25.08695652173913
74400	206	45	25.066666666666666
74500	209	41	25.24390243902439
74600	207	39	25.358974358974358
74700	210	37	25.08108108108108
74800	216	38	25.18421052631579
74900	223	39	25.17948717948718
75000	224	40	25.25
75100	228	41	25.195121951219512
75200	234	42	25.261904761904763
75300	236	45	25.4
75400	234	47	25.04255319148936
75500	244	46	25.195652173913043
75600	238	46	25.347826086956523
75700	242	43	25.41860465116279
75800	251	41	25.365853658536587
75900	259	39	25.615384615384617
76000	259	40	25.65
76100	257	40	25.825
76200	258	41	25.926829268292682
76300	258	42	25.857142857142858
76400	247	44	26.045454545454547
76500	249	44	26.022727272727273
76600	252	45	26
76700	245	50	26.14
76800	243	54	26.35185185185185
76900	244	55	26.6
77000	245	60	26.633333333333333
77100	247	61	26.60655737704918
77200	245	63	26.49206349206349
77300	251	59	26.47457627118644
77400	251	58	26.413793103448278
77500	251	64	26.453125
77600	239	70	26.457142857142856
77700	228	75	26.573333333333334
77800	227	79	26.68354430379747
77900	224	77	26.727272727272727
78000	220	82	26.5609756097561
78100	209	87	26.563218390804597
78200	203	86	26.593023255813954
78300	197	81	26.530864197530864
78400	190	83	26.397590361445783
78500	177	83	26.36144578313253
78600	168	89	26.314606741573034
78700	163	83	26.19277108433735
78800	163	81	26.061728395061728
78900	164	75	25.973333333333333
79000	157	75	25.986666666666668
79100	160	66	26
79200	157	67	26.029850746268657
79300	151	67	26.223880597014926
79400	146	66	26.28787878787879
79500	152	68	26.25
79600	156	65	26.384615384615383
79700	149	61	26.278688524590162
79800	155	58	26.29310344827586
79900	155	58	26.275862068965516
80000	161	54	25.962962962962962
80100	164	46	25.608695652173914
80200	170	48	25.75
80300	165	53	25.77358490566038
80400	168	52	25.846153846153847
80500	172	50	25.82
80600	174	48	25.979166666666668
80700	181	48	25.958333333333332
80800	179	47	25.80851063829787
80900	186	45	25.733333333333334
81000	176	54	25.925925925925927
81100	185	50	25.84
81200	189	51	25.941176470588236
81300	183	51	25.764705882352942
81400	180	53	25.77358490566038
81500	180	55	25.636363636363637
81600	180	55	25.654545454545456
81700	190	58	25.775862068965516
81800	187	58	25.75862068965517
81900	193	54	25.90740740740741
82000	188	59	25.847457627118644
82100	181	60	25.933333333333334
82200	182	59	25.89830508474576
82300	183	58	25.862068965517242
82400	180	57	26.24561403508772
82500	183	58	26.32758620689655
82600	183	55	26.490909090909092
82700	179	57	26.75438596491228
82800	182	59	27.11864406779661
82900	183	56	27.339285714285715
83000	180	60	27.216666666666665
83100	181	60	27.433333333333334
83200	188	60	27.466666666666665
83300	176	68	27.691176470588236
83400	172	68	27.852941176470587
83500	170	66	28.075757575757574
83600	173	63	28.26984126984127
83700	179	58	28.310344827586206
83800	182	53	28.22641509433962
83900	188	51	28.235294117647058
84000	191	49	28.102040816326532
84100	186	53	27.943396226415093
84200	187	50	27.88
84300	178	52	28.076923076923077
84400	176	53	27.79245283018868
84500	174	48	27.770833333333332
84600	176	47	27.51063829787234
84700	175	48	27.375
84800	183	48	27.166666666666668
84900	182	50	27.3
85000	182	57	27.17543859649123
85100	182	58	27.32758620689655
85200	180	56	27.375
85300	185	57	27.614035087719298
85400	189	56	27.410714285714285
85500	178	58	27.82758620689655
85600	172	60	27.916666666666668
85700	170	61	28.131147540983605
85800	183	58	28.189655172413794
85900	182	57	28.263157894736842
86000	182	55	28.454545454545453
86100	182	49	28.632653061224488
86200	184	45	28.6
86300	182	44	28.5
86400	188	43	28.74418604651163
86500	197	48	28.5
86600	198	51	28.529411764705884
86700	194	50	28.42
86800	194	51	28.352941176470587
86900	195	55	28.254545454545454
87000	191	54	28.5
87100	191	50	28.4
87200	190	53	28.50943396226415
87300	194	53	28.71698113207547
87400	199	46	28.869565217391305
87500	198	44	29.181818181818183
87600	205	42	29
87700	208	39	28.897435897435898
87800	211	36	28.72222222222222
87900	216	36	28.72222222222222
88000	215	36	29.166666666666668
88100	219	41	29.121951219512194
88200	222	38	29.13157894736842
88300	216	39	29.025641025641026
88400	215	43	29.093023255813954
88500	227	41	29.146341463414632
88600	225	40	29.2
88700	225	48	29.104166666666668
88800	230	51	29.11764705882353
88900	229	52	29.134615384615383
89000	235	52	29.26923076923077
89100	239	54	29.296296296296298
89200	238	54	29.24074074074074
89300	242	50	29.34
89400	237	52	29.442307692307693
89500	241	53	29.49056603773585
89600	240	54	29.314814814814813
89700	234	56	29.214285714285715
89800	222	61	29.098360655737704
89900	210	64	29.09375
90000	209	65	29.076923076923077
90100	201	69	29.17391304347826
90200	202	70	29.12857142857143
90300	196	76	29.157894736842106
90400	190	74	29.243243243243242
90500	181	79	29.518987341772153
90600	165	87	29.49425287356322
90700	159	82	29.475609756097562
90800	157	76	29.605263157894736
90900	151	76	29.55263157894737
91000	152	76	29.486842105263158
91100	146	75	29.44
91200	146	68	29.455882352941178
91300	144	65	29.553846153846155
91400	151	62	29.64516129032258
91500	151	53	29.71698113207547
91600	150	55	29.636363636363637
91700	150	51	29.96078431372549
91800	153	52	30.03846153846154
91900	155	54	30.074074074074073
92000	154	55	30.09090909090909
92100	154	54	30.203703703703702
92200	155	48	30.208333333333332
92300	157	46	30.108695652173914
92400	156	44	29.931818181818183
92500	165	41	29.853658536585368
92600	172	42	29.738095238095237
92700	176	36	29.52777777777778
92800	182	36	29.333333333333332
92900	187	35	29.314285714285713
93000	194	30	29.566666666666666
93100	201	28	29.571428571428573
93200	200	30	29.733333333333334
93300	201	31	29.70967741935484
93400	207	31	29.70967741935484
93500	216	30	29.733333333333334
93600	219	28	30
93700	220	25	29.92
93800	225	28	29.964285714285715
93900	223	32	29.875
94000	228	30	29.733333333333334
94100	238	32	29.75
94200	242	34	29.735294117647058
94300	241	35	29.714285714285715
94400	247	35	29.714285714285715
94500	250	38	29.894736842105264
94600	257	40	29.9
94700	258	46	29.869565217391305
94800	250	51	29.901960784313726
94900	251	52	29.903846153846153
95000	260	58	29.896551724137932
95100	255	63	29.77777777777778
95200	242	70	29.985714285714284
95300	228	74	29.972972972972972
95400	214	81	29.938271604938272
95500	211	87	29.96551724137931
95600	196	94	29.95744680851064
95700	177	103	29.97087378640777
95800	171	104	29.96153846153846
95900	167	99	29.97979797979798
96000	167	93	30.053763440860216
96100	175	83	30.14457831325301
96200	173	83	30.012048192771083
96300	174	75	30.013333333333332
96400	167	72	29.90277777777778
96500	159	77	29.857142857142858
96600	152	73	29.80821917808219
96700	157	73	29.71232876712329
96800	155	71	29.746478873239436
96900	168	70	29.742857142857144
97000	160	70	29.62857142857143
97100	156	63	29.666666666666668
97200	151	63	29.761904761904763
97300	153	64	29.671875
97400	157	64	29.671875
97500	159	54	29.64814814814815
97600	170	45	29.533333333333335
97700	172	44	29.454545454545453
97800	170	41	29.585365853658537
97900	171	42	29.571428571428573
98000	178	37	29.675675675675677
98100	185	38	29.657894736842106
98200	193	40	29.475
98300	197	36	29.416666666666668
98400	208	32	29.34375
98500	217	28	29.321428571428573
98600	222	29	29.344827586206897
98700	228	28	29.107142857142858
98800	231	26	29.23076923076923
98900	231	26	29.153846153846153
99000	245	25	29.04
99100	244	29	29.344827586206897
99200	249	31	29.387096774193548
99300	248	38	29.57894736842105
99400	247	44	29.65909090909091
99500	249	44	29.613636363636363
99600	252	46	29.630434782608695
99700	252	47	29.574468085106382
99800	250	48	29.770833333333332
99900	251	42	29.428571428571427
100000	254	49	29.53061224489796
100100	267	47	29.595744680851062
100200	265	45	29.755555555555556
100300	265	45	29.622222222222224
100400	259	48	29.666666666666668
100500	259	47	29.638297872340427
100600	250	55	29.527272727272727
100700	234	68	29.485294117647058
100800	233	63	29.38095238095238
100900	238	66	29.37878787878788
101000	231	68	29.352941176470587
101100	223	74	29.39189189189189
101200	209	71	29.422535211267604
101300	200	71	29.43661971830986
101400	203	77	29.467532467532468
101500	194	80	29.5125
101600	191	80	29.5125
101700	179	75	29.56
101800	182	77	29.7012987012987
101900	186	75	29.706666666666667
102000	172	75	29.69333333333333
102100	158	79	29.645569620253166
102200	153	88	29.727272727272727
102300	153	84	29.75
102400	159	79	29.72151898734177
102500	151	75	29.746666666666666
102600	138	79	29.848101265822784
102700	134	73	29.958904109589042
102800	132	71	29.887323943661972
102900	131	69	29.884057971014492
103000	128	72	29.76388888888889
103100	132	69	29.73913043478261
103200	126	59	29.661016949152543
103300	125	52	29.692307692307693
103400	128	46	29.695652173913043
103500	128	41	29.75609756097561
103600	132	40	29.95
103700	139	34	29.823529411764707
103800	142	30	29.566666666666666
103900	154	28	29.678571428571427
104000	166	24	29.625
104100	177	20	29.8
104200	182	18	29.77777777777778
104300	189	15	29.866666666666667
104400	203	15	29.866666666666667
104500	217	14	29.928571428571427
104600	228	10	29.8
104700	239	9	29.666666666666668
104800	256	7	29.142857142857142
104900	269	8	29.125
105000	277	10	29
105100	286	9	28.666666666666668
105200	294	13	28.53846153846154
105300	300	15	28.533333333333335
105400	298	18	28.555555555555557
105500	297	21	28.523809523809526
105600	302	24	28.583333333333332
105700	307	27	28.59259259259259
105800	305	31	28.548387096774192
105900	308	33	28.606060606060606
106000	308	38	28.789473684210527
106100	309	38	28.789473684210527
106200	299	45	28.844444444444445
106300	300	49	28.979591836734695
106400	293	51	28.92156862745098
106500	287	53	28.88679245283019
106600	266	66	28.833333333333332
106700	261	72	28.930555555555557
106800	256	75	28.933333333333334
106900	250	78	28.794871794871796
107000	252	82	28.79268292682927
107100	242	86	28.77906976744186
107200	224	90	28.766666666666666
107300	222	95	28.768421052631577
107400	211	94	28.74468085106383
107500	201	98	28.73469387755102
107600	191	99	28.757575757575758
107700	181	101	28.782178217821784
107800	181	107	28.757009345794394
107900	167	110	28.70909090909091
108000	171	99	28.78787878787879
108100	165	95	28.8
108200	164	92	28.815217391304348
108300	163	92	28.73913043478261
108400	155	82	28.817073170731707
108500	155	81	28.82716049382716
108600	153	72	28.84722222222222
108700	149	73	28.80821917808219
108800	149	74	28.87837837837838
108900	144	69	28.89855072463768
109000	150	70	29.014285714285716
109100	157	68	28.985294117647058
109200	152	63	28.936507936507937
109300	155	56	28.785714285714285
109400	156	47	28.638297872340427
109500	151	47	28.617021276595743
109600	143	44	28.318181818181817
109700	152	42	28.238095238095237
109800	156	42	28.214285714285715
109900	165	42	28.261904761904763
110000	164	42	28.452380952380953
110100	165	37	28.675675675675677
110200	168	36	28.75
110300	168	34	28.794117647058822
110400	169	36	28.833333333333332
110500	189	32	29.03125
110600	191	32	29.125
110700	193	30	29.266666666666666
110800	201	30	29.333333333333332
110900	207	30	29.5
111000	209	27	29.51851851851852
111100	214	30	29.333333333333332
111200	216	34	29.352941176470587
111300	210	36	29.27777777777778
111400	223	36	29.25
111500	240	35	29.2
111600	236	41	29.21951219512195
111700	231	48	29.229166666666668
111800	229	46	29.130434782608695
111900	226	49	29.06122448979592
112000	230	52	29.192307692307693
112100	227	54	29.314814814814813
112200	231	56	29.285714285714285
112300	231	55	29.272727272727273
112400	230	57	29.31578947368421
112500	228	60	29.3
112600	229	61	29.311475409836067
112700	226	66	29.28787878787879
112800	227	69	29.318840579710145
112900	223	69	29.3768115942029
113000	221	68	29.41176470588235
113100	205	79	29.40506329113924
113200	200	82	29.378048780487806
113300	193	85	29.352941176470587
113400	185	88	29.420454545454547
113500	181	90	29.38888888888889
113600	178	82	29.353658536585368
113700	166	83	29.40963855421687
113800	161	83	29.53012048192771
113900	158	80	29.5375
114000	146	80	29.475
114100	152	78	29.41025641025641
114200	153	75	29.506666666666668
114300	156	70	29.485714285714284
114400	156	71	29.450704225352112
114500	160	63	29.41269841269841
114600	158	61	29.295081967213115
114700	160	57	29.19298245614035
114800	161	56	29.142857142857142
114900	160	56	29.107142857142858
115000	160	49	29.081632653061224
115100	167	46	29.02173913043478
115200	169	36	28.833333333333332
115300	172	37	28.81081081081081
115400	169	36	28.805555555555557
115500	172	38	28.86842105263158
115600	177	39	28.974358974358974
115700	182	41	28.902439024390244
115800	191	44	29.272727272727273
115900	189	48	29.395833333333332
116000	189	41	29.414634146341463
116100	192	39	29.666666666666668
116200	190	41	29.829268292682926
116300	196	43	29.953488372093023
116400	196	43	29.953488372093023
116500	193	47	29.914893617021278
116600	194	48	29.895833333333332
116700	198	45	30.08888888888889
116800	207	42	30.11904761904762
116900	211	38	30.026315789473685
117000	211	39	29.846153846153847
117100	208	42	29.928571428571427
117200	213	41	29.634146341463413
117300	210	42	29.547619047619047
117400	214	44	29.454545454545453
117500	217	46	29.369565217391305
117600	217	44	29.59090909090909
117700	215	45	29.488888888888887
117800	218	48	29.583333333333332
117900	219	50	29.6
118000	223	49	29.571428571428573
118100	226	52	29.51923076923077
118200	218	50	29.36
118300	215	54	29.27777777777778
118400	222	58	29.189655172413794
118500	218	60	29.266666666666666
118600	213	67	29.328358208955223
118700	206	70	29.357142857142858
118800	203	71	29.338028169014084
118900	200	73	29.36986301369863
119000	195	80	29.5
119100	195	77	29.428571428571427
119200	177	77	29.51948051948052
119300	175	74	29.7027027027027
119400	178	81	29.641975308641975
119500	175	79	29.556962025316455
119600	169	83	29.518072289156628
119700	161	81	29.493827160493826
119800	158	75	29.466666666666665
119900	154	75	29.266666666666666
120000	149	72	29.291666666666668
120100	143	70	29.62857142857143
120200	145	66	29.575757575757574
120300	154	62	29.548387096774192
120400	156	57	29.736842105263158
120500	156	56	29.732142857142858
120600	157	53	29.92452830188679
120700	159	51	29.941176470588236
120800	163	44	30.113636363636363
120900	170	43	30.13953488372093
121000	168	44	30.454545454545453
121100	170	39	30.794871794871796
121200	174	35	30.914285714285715
121300	177	33	30.87878787878788
121400	182	34	30.794117647058822
121500	184	34	31.029411764705884
121600	188	34	30.970588235294116
121700	188	34	31.029411764705884
121800	191	36	31.305555555555557
121900	197	36	31.36111111111111
122000	200	36	31.13888888888889
122100	203	35	31.057142857142857
122200	201	35	30.914285714285715
122300	205	40	31.075
122400	208	39	31.17948717948718
122500	212	41	31.073170731707318
122600	204	43	31.348837209302324
122700	208	41	31.4390243902439
122800	213	41	31.29268292682927
122900	215	42	31.357142857142858
123000	215	45	31.57777777777778
123100	208	44	31.84090909090909
123200	204	46	31.956521739130434
123300	212	47	31.829787234042552
123400	206	50	32.08
123500	204	53	32.075471698113205
123600	200	59	31.71186440677966
123700	196	61	31.57377049180328
123800	192	62	31.532258064516128
123900	196	67	31.686567164179106
124000	190	70	31.771428571428572
124100	186	67	31.761194029850746
124200	186	65	31.723076923076924
124300	185	64	31.625
124400	179	64	31.671875
124500	184	61	31.57377049180328
124600	182	58	31.448275862068964
124700	178	60	31.583333333333332
124800	181	56	31.714285714285715
124900	182	53	31.754716981132077
125000	185	52	31.673076923076923
125100	191	49	31.857142857142858
125200	197	45	31.844444444444445
125300	206	42	31.69047619047619
125400	210	36	31.77777777777778
125500	212	37	31.89189189189189
125600	208	40	32.325
125700	205	39	32.41025641025641
125800	194	45	32.48888888888889
125900	194	49	32.46938775510204
126000	189	65	32.292307692307695
126100	187	67	32.223880597014926
126200	193	68	32.19117647058823
126300	199	70	32.128571428571426
126400	205	69	31.91304347826087
126500	204	65	31.876923076923077
126600	205	61	31.770491803278688
126700	197	57	31.17543859649123
126800	198	57	31.140350877192983
126900	198	56	31.232142857142858
127000	205	59	31.016949152542374
127100	211	57	30.80701754385965
127200	209	57	30.68421052631579
127300	210	54	30.444444444444443
127400	221	55	30.436363636363637
127500	217	52	30.28846153846154
127600	197	60	30.666666666666668
127700	199	59	30.694915254237287
127800	187	69	30.695652173913043
127900	175	76	30.82894736842105
128000	166	78	30.935897435897434
128100	161	81	31.11111111111111
128200	158	84	31.142857142857142
128300	149	84	31.297619047619047
128400	147	78	31.346153846153847
128500	145	72	31.291666666666668
128600	154	73	31.34246575342466
128700	150	68	30.955882352941178
128800	158	65	30.876923076923077
128900	163	62	31.048387096774192
129000	166	54	31.074074074074073
129100	167	53	31.09433962264151
129200	166	54	31.203703703703702
129300	166	52	31.403846153846153
129400	168	52	31.365384615384617
129500	172	49	31.122448979591837
129600	177	47	31.340425531914892
129700	188	39	31.615384615384617
129800	185	40	31.85
129900	187	41	32.26829268292683
130000	188	39	32.23076923076923
130100	189	43	32.395348837209305
130200	191	38	32.60526315789474
130300	194	45	32.44444444444444
130400	199	43	32.41860465116279
130500	203	44	32.56818181818182
130600	199	52	32.84615384615385
130700	206	47	32.93617021276596
130800	208	47	33.191489361702125
130900	209	48	33.375
131000	201	56	33.69642857142857
131100	204	54	33.870370370370374
131200	199	53	33.81132075471698
131300	198	55	33.96363636363636
131400	195	58	33.93103448275862
131500	191	54	33.907407407407405
131600	187	61	33.78688524590164
131700	182	70	33.885714285714286
131800	186	73	33.97260273972603
131900	189	74	33.891891891891895
132000	180	83	33.93975903614458
132100	175	85	33.92941176470588
132200	160	84	34
132300	168	81	34.04938271604938
132400	175	74	34
132500	180	75	34.18666666666667
132600	174	77	34.1948051948052
132700	168	78	34.14102564102564
132800	161	74	34.108108108108105
132900	155	81	34.18518518518518
133000	150	81	34.08641975308642
133100	144	74	34.0945945945946
133200	146	74	34.12162162162162
133300	144	74	34.16216216216216
133400	145	65	34.03076923076923
133500	148	63	34.01587301587302
133600	149	60	34.15
133700	154	55	34.2
133800	158	50	34.26
133900	160	45	34.022222222222226
134000	168	42	34.166666666666664
134100	168	47	34.170212765957444
134200	167	50	33.98
134300	165	51	33.92156862745098
134400	166	54	34.03703703703704
134500	171	60	34.28333333333333
134600	168	59	34.3728813559322
134700	162	57	34.526315789473685
134800	163	52	34.75
134900	160	48	35.083333333333336
135000	160	51	35.03921568627451
135100	155	50	34.94
135200	157	50	34.86
135300	151	53	34.81132075471698
135400	149	57	34.80701754385965
135500	152	53	34.58490566037736
135600	157	52	34.34615384615385
135700	159	46	34.41304347826087
135800	158	41	34.73170731707317
135900	155	41	34.46341463414634
136000	164	39	34.256410256410255
136100	172	37	34.351351351351354
136200	177	36	34.22222222222222
136300	176	42	34.07142857142857
136400	175	45	33.955555555555556
136500	180	44	33.90909090909091
136600	177	47	34.06382978723404
136700	184	47	34.06382978723404
136800	178	55	33.92727272727273
136900	164	58	34.189655172413794
137000	167	60	34.333333333333336
137100	160	65	34.16923076923077
137200	157	71	34.309859154929576
137300	155	73	34.26027397260274
137400	156	73	34.57534246575342
137500	152	72	34.44444444444444
137600	155	71	34.605633802816904
137700	163	66	34.5
137800	161	63	34.317460317460316
137900	163	52	34.53846153846154
138000	166	52	34.46153846153846
138100	167	51	34.23529411764706
138200	170	50	34.32
138300	168	51	34.01960784313726
138400	165	47	33.91489361702128
138500	163	45	33.75555555555555
138600	170	44	33.65909090909091
138700	173	44	33.43181818181818
138800	174	48	33.583333333333336
138900	174	41	33.48780487804878
139000	187	40	33.25
139100	188	41	33.19512195121951
139200	196	39	33.23076923076923
139300	193	40	33.125
139400	203	39	33.333333333333336
139500	200	39	33.30769230769231
139600	202	42	33.023809523809526
139700	202	47	32.851063829787236
139800	202	53	32.924528301886795
139900	203	53	32.75471698113208
140000	195	57	32.666666666666664
140100	199	56	32.410714285714285
140200	198	53	32.471698113207545
140300	205	51	32.490196078431374
140400	198	46	32.5
140500	190	46	32.71739130434783
140600	187	46	32.65217391304348
140700	188	50	33.06
140800	191	50	32.84
140900	190	54	32.648148148148145
141000	190	59	32.728813559322035
141100	188	63	32.74603174603175
141200	183	61	32.39344262295082
141300	181	58	32.293103448275865
141400	187	62	32.193548387096776
141500	185	59	32.20338983050848
141600	182	59	32.66101694915254
141700	178	55	32.472727272727276
141800	175	57	31.982456140350877
141900	186	50	31.84
142000	184	52	31.807692307692307
142100	183	57	31.596491228070175
142200	177	56	31.232142857142858
142300	169	59	31.28813559322034
142400	170	59	31.45762711864407
142500	171	60	31.45
142600	172	63	31.11111111111111
142700	179	56	31.339285714285715
142800	187	53	31.30188679245283
142900	182	56	31.660714285714285
143000	173	61	31.901639344262296
143100	173	64	32.015625
143200	171	64	32.421875
143300	166	63	32.476190476190474
143400	166	62	32.403225806451616
143500	165	62	32.25806451612903
143600	170	57	32.75438596491228
143700	170	60	32.63333333333333
143800	172	63	32.26984126984127
143900	163	68	32.455882352941174
144000	167	61	32.57377049180328
144100	167	57	32.64912280701754
144200	168	57	32.578947368421055
144300	181	58	32.3448275862069
144400	188	54	32.666666666666664
144500	188	49	32.244897959183675
144600	191	49	32.326530612244895
144700	200	47	32.5531914893617
144800	203	48	32.333333333333336
144900	211	41	32.853658536585364
145000	216	37	32.486486486486484
145100	227	34	32.61764705882353
145200	229	34	32.64705882352941
145300	231	34	32.470588235294116
145400	234	34	32.44117647058823
145500	235	38	32.76315789473684
145600	239	41	32.609756097560975
145700	239	42	32.5
145800	240	37	32.62162162162162
145900	241	41	32.951219512195124
146000	248	48	32.833333333333336
146100	248	47	32.87234042553192
146200	243	50	32.92
146300	237	53	32.679245283018865
146400	233	59	32.30508474576271
146500	236	58	32.06896551724138
146600	230	61	31.83606557377049
146700	228	59	31.915254237288135
146800	218	69	32.08695652173913
146900	214	71	32.04225352112676
147000	210	70	32.15714285714286
147100	195	80	31.6875
147200	193	83	31.59036144578313
147300	188	82	30.926829268292682
147400	178	83	30.951807228915662
147500	176	84	30.595238095238095
147600	176	83	30.59036144578313
147700	172	81	30.62962962962963
147800	159	83	31.072289156626507
147900	150	87	31.20689655172414
148000	143	87	31.45977011494253
148100	155	87	31.620689655172413
148200	153	80	31.7875
148300	148	80	31.8
148400	148	77	31.77922077922078
148500	144	70	31.542857142857144
148600	148	68	31.779411764705884
148700	151	64	31.515625
148800	148	65	31.553846153846155
148900	156	59	31.508474576271187
149000	162	52	31.942307692307693
149100	167	51	32.1764705882353
149200	171	50	31.78
149300	178	46	32
149400	176	38	31.36842105263158
149500	179	37	31.83783783783784
149600	185	39	32.12820512820513
149700	188	42	31.904761904761905
149800	198	36	32.22222222222222
149900	202	35	32.114285714285714
150000	205	35	32.857142857142854
150100	199	43	32.72093023255814
150200	200	45	33.17777777777778
150300	203	47	33.53191489361702
150400	203	50	33.5
150500	199	52	33.28846153846154
150600	197	51	33.09803921568628
150700	192	51	32.88235294117647
150800	187	47	33.191489361702125
150900	187	51	33.431372549019606
151000	190	49	33.673469387755105
151100	191	54	33.81481481481482
151200	189	56	33.910714285714285
151300	179	53	34.056603773584904
151400	176	58	33.93103448275862
151500	180	55	33.763636363636365
151600	185	57	33.824561403508774
151700	197	49	33.83673469387755
151800	201	53	34.0188679245283
151900	201	55	33.72727272727273
152000	190	61	34.01639344262295
152100	181	67	34.298507462686565
152200	182	61	34.14754098360656
152300	178	69	34.08695652173913
152400	169	78	34.02564102564103
152500	173	77	34.103896103896105
152600	176	72	34
152700	171	67	34
152800	169	72	34.06944444444444
152900	168	63	34.36507936507937
153000	172	58	34.55172413793103
153100	169	59	34.71186440677966
153200	165	61	34.75409836065574
153300	166	58	34.741379310344826
153400	167	47	34.680851063829785
153500	166	48	35.020833333333336
153600	172	51	34.1764705882353
153700	166	54	34.24074074074074
153800	165	52	34.09615384615385
153900	167	51	34.13725490196079
154000	175	48	33.9375
154100	183	45	33.91111111111111
154200	182	47	34.40425531914894
154300	182	46	33.91304347826087
154400	184	46	33.67391304347826
154500	178	47	33.723404255319146
154600	177	52	33.88461538461539
154700	183	52	34.11538461538461
154800	183	53	33.84905660377358
154900	186	52	33.86538461538461
155000	185	53	34.528301886792455
155100	187	56	34.57142857142857
155200	181	56	34.625
155300	188	56	34.982142857142854
155400	179	59	35.220338983050844
155500	176	66	35.24242424242424
155600	172	65	35.15384615384615
155700	167	68	35.26470588235294
155800	168	69	35.26086956521739
155900	161	69	35.333333333333336
156000	158	64	35.03125
156100	157	61	34.98360655737705
156200	149	65	35.292307692307695
156300	150	61	35.442622950819676
156400	149	61	35.557377049180324
156500	137	62	35.435483870967744
156600	144	64	35.609375
156700	143	62	35.38709677419355
156800	145	59	35.3728813559322
156900	148	58	35.3448275862069
157000	149	53	35.113207547169814
157100	137	52	35.32692307692308
157200	136	51	35.627450980392155
157300	144	49	35.83673469387755
157400	154	47	35.87234042553192
157500	158	47	36.06382978723404
157600	168	40	36.3
157700	166	34	36.205882352941174
157800	176	30	36.3
157900	180	29	36.310344827586206
158000	186	28	36.07142857142857
158100	183	29	36.13793103448276
158200	193	27	36.03703703703704
158300	200	27	36.148148148148145
158400	202	29	36.03448275862069
158500	204	30	36.03333333333333
158600	206	28	35.92857142857143
158700	205	32	35.96875
158800	204	30	35.766666666666666
158900	206	29	35.793103448275865
159000	211	30	36
159100	216	38	36.026315789473685
159200	224	36	36.083333333333336
159300	226	35	35.97142857142857
159400	218	42	36.11904761904762
159500	226	46	36.15217391304348
159600	221	55	35.85454545454545
159700	220	64	35.828125
159800	222	68	35.86764705882353
159900	209	77	35.76623376623377
160000	200	90	35.82222222222222
160100	189	95	35.8421052631579
160200	181	91	35.857142857142854
160300	174	91	35.824175824175825
160400	159	96	35.770833333333336
160500	156	91	35.8021978021978
160600	156	97	35.855670103092784
160700	157	97	35.824742268041234
160800	159	101	35.742574257425744
160900	153	100	35.64
161000	147	97	35.56701030927835
161100	140	95	35.55789473684211
161200	140	87	35.54022988505747
161300	139	83	35.74698795180723
161400	134	77	35.87012987012987
161500	133	69	36.072463768115945
161600	137	71	35.80281690140845
161700	144	64	35.625
161800	142	63	35.38095238095238
161900	143	62	35.38709677419355
162000	152	61	35.50819672131148
162100	144	64	35.359375
162200	149	54	35.2962962962963
162300	147	57	35.24561403508772
162400	143	58	34.96551724137931
162500	149	56	35.035714285714285
162600	150	52	35.15384615384615
162700	149	52	35.03846153846154
162800	154	47	34.91489361702128
162900	157	43	35.06976744186046
163000	164	41	34.90243902439025
163100	161	36	34.69444444444444
163200	172	35	34.8
163300	172	30	35
163400	172	28	35.107142857142854
163500	176	24	35.041666666666664
163600	176	25	35.04
163700	182	27	35.111111111111114
163800	187	24	35.333333333333336
163900	198	22	35.31818181818182
164000	201	23	35.391304347826086
164100	206	25	35.44
164200	220	27	35.407407407407405
164300	224	24	35.375
164400	227	26	35.46153846153846
164500	230	25	35.52
164600	243	25	35.56
164700	236	37	35.62162162162162
164800	241	42	35.642857142857146
164900	242	46	35.65217391304348
165000	244	48	35.625
165100	244	52	35.67307692307692
165200	249	55	35.58181818181818
165300	246	52	35.57692307692308
165400	244	55	35.472727272727276
165500	244	56	35.535714285714285
165600	241	58	35.39655172413793
165700	233	67	35.32835820895522
165800	228	73	35.28767123287671
165900	221	72	35.27777777777778
166000	219	66	35.333333333333336
166100	211	75	35.346666666666664
166200	212	79	35.32911392405063
166300	203	88	35.42045454545455
166400	197	94	35.43617021276596
166500	182	98	35.42857142857143
166600	174	100	35.32
166700	171	99	35.37373737373738
166800	155	106	35.490566037735846
166900	143	106	35.490566037735846
167000	138	108	35.49074074074074
167100	139	107	35.39252336448598
167200	135	96	35.4375
167300	132	89	35.38202247191011
167400	135	77	35.298701298701296
167500	134	69	35.26086956521739
167600	137	61	35.16393442622951
167700	133	56	35.089285714285715
167800	135	46	34.97826086956522
167900	138	37	34.648648648648646
168000	139	38	35
168100	146	40	35.075
168200	149	38	35.55263157894737
168300	162	38	35.6578947368421
168400	168	38	36.10526315789474
168500	175	39	36.1025641025641
168600	179	34	36.1764705882353
168700	186	34	36.1764705882353
168800	190	31	35.96774193548387
168900	202	30	36.03333333333333
169000	210	29	35.93103448275862
169100	219	29	36.275862068965516
169200	232	27	36.2962962962963
169300	234	27	36.333333333333336
169400	228	31	35.935483870967744
169500	231	34	35.61764705882353
169600	234	37	35.75675675675676
169700	233	39	35.69230769230769
169800	235	42	35.69047619047619
169900	227	49	35.673469387755105
170000	225	48	35.9375
170100	223	46	36.21739130434783
170200	226	49	36.40816326530612
170300	228	52	36.19230769230769
170400	230	52	35.98076923076923
170500	229	53	35.9811320754717
170600	219	56	35.857142857142854
170700	207	64	35.71875
170800	208	65	35.723076923076924
170900	205	71	35.690140845070424
171000	205	69	35.57971014492754
171100	210	69	35.69565217391305
171200	201	71	35.563380281690144
171300	203	64	35.578125
171400	203	67	35.92537313432836
171500	206	65	35.84615384615385
171600	194	71	35.87323943661972
171700	198	74	35.9054054054054
171800	191	81	35.95061728395062
171900	190	80	35.975
172000	182	85	36.082352941176474
172100	166	98	36.16326530612245
172200	163	100	36.05
172300	148	100	36.13
172400	136	97	36.01030927835052
172500	141	92	35.97826086956522
172600	132	91	35.989010989010985
172700	135	85	35.92941176470588
172800	130	75	35.946666666666665
172900	123	72	36.09722222222222
173000	119	68	36.205882352941174
173100	130	63	36.25396825396825
173200	130	54	36.407407407407405
173300	131	52	36.40384615384615
173400	138	50	36.58
173500	148	50	36.54
173600	152	46	36.630434782608695
173700	155	38	36.578947368421055
173800	165	37	36.567567567567565
173900	166	35	36.714285714285715
174000	170	32	36.5625
174100	169	32	36.84375
174200	170	35	37.2
174300	175	35	37.22857142857143
174400	172	38	37.23684210526316
174500	179	35	37.17142857142857
174600	186	38	37.31578947368421
174700	183	37	37.62162162162162
174800	180	43	37.395348837209305
174900	180	42	37.30952380952381
175000	179	40	37.475
175100	177	41	37.46341463414634
175200	182	41	37.19512195121951
175300	186	40	37.225
175400	192	41	37.292682926829265
175500	194	44	37.25
175600	191	47	37.212765957446805
175700	190	44	37.15909090909091
175800	196	43	37.18604651162791
175900	199	43	37.44186046511628
176000	198	46	37.52173913043478
176100	202	48	37.583333333333336
176200	199	48	37.666666666666664
176300	189	59	37.6271186440678
176400	184	61	37.52459016393443
176500	185	65	37.276923076923076
176600	184	63	37.04761904761905
176700	177	66	37.121212121212125
176800	181	68	37.205882352941174
176900	173	73	37.26027397260274
177000	170	72	37.291666666666664
177100	160	75	37.28
177200	162	75	37.21333333333333
177300	156	78	37.166666666666664
177400	152	72	36.958333333333336
177500	149	71	37.028169014084504
177600	151	62	36.983870967741936
177700	154	62	37.096774193548384
177800	157	55	37.18181818181818
177900	165	50	36.92
178000	161	52	36.82692307692308
178100	159	50	36.92
178200	157	53	36.9622641509434
178300	157	54	36.72222222222222
178400	161	56	36.732142857142854
178500	157	57	36.68421052631579
178600	161	55	36.61818181818182
178700	168	57	36.64912280701754
178800	165	51	36.549019607843135
178900	165	51	36.64705882352941
179000	168	51	36.666666666666664
179100	178	51	36.6078431372549
179200	174	53	36.698113207547166
179300	172	59	36.898305084745765
179400	168	55	37.054545454545455
179500	163	57	37.19298245614035
179600	163	56	37.232142857142854
179700	162	59	37.25423728813559
179800	156	55	37.43636363636364
179900	159	60	37.3
180000	161	63	37.42857142857143
180100	164	63	37.285714285714285
180200	165	65	37.41538461538462
180300	161	62	37.41935483870968
180400	159	63	37.3968253968254
180500	163	65	37.55384615384615
180600	168	58	37.39655172413793
180700	171	52	37.46153846153846
180800	174	50	37.28
180900	178	50	37.56
181000	176	43	37.674418604651166
181100	171	48	37.458333333333336
181200	180	53	37.094339622641506
181300	177	59	37.40677966101695
181400	187	55	37.49090909090909
181500	195	53	37.39622641509434
181600	196	53	37.37735849056604
181700	204	52	37.40384615384615
181800	209	41	38.09756097560975
181900	200	44	38.04545454545455
182000	205	46	37.95652173913044
182100	200	46	38.15217391304348
182200	195	51	38.3921568627451
182300	193	50	38.54
182400	193	50	38.48
182500	189	50	38.72
182600	198	52	38.80769230769231
182700	197	56	39.05357142857143
182800	190	58	38.91379310344828
182900	184	61	38.967213114754095
183000	175	65	38.84615384615385
183100	170	76	38.828947368421055
183200	165	81	38.925925925925924
183300	159	81	38.93827160493827
183400	144	91	38.967032967032964
183500	132	96	39.052083333333336
183600	131	86	38.98837209302326
183700	133	82	38.9390243902439
183800	133	78	38.76923076923077
183900	136	73	38.89041095890411
184000	129	77	39.142857142857146
184100	126	74	39.17567567567568
184200	124	70	39.22857142857143
184300	128	67	39.55223880597015
184400	124	64	39.703125
184500	117	65	39.707692307692305
184600	120	59	39.728813559322035
184700	121	56	39.94642857142857
184800	129	58	40.12068965517241
184900	129	55	40.2
185000	134	51	40.1764705882353
185100	139	48	40.166666666666664
185200	143	40	40.625
185300	143	42	40.69047619047619
185400	142	36	40.666666666666664
185500	146	35	40.6
185600	154	38	40.63157894736842
185700	163	38	40.578947368421055
185800	167	40	40.475
185900	170	35	40.51428571428571
186000	181	35	40.542857142857144
186100	184	33	40.303030303030305
186200	179	35	40.25714285714286
186300	179	37	40.21621621621622
186400	187	39	40.17948717948718
186500	190	39	40.15384615384615
186600	193	37	40.21621621621622
186700	188	44	40.20454545454545
186800	186	42	40.30952380952381
186900	190	46	40.45652173913044
187000	203	46	40.34782608695652
187100	208	50	40.34
187200	209	47	40.297872340425535
187300	207	48	40.25
187400	210	45	40.022222222222226
187500	212	47	40.02127659574468
187600	201	53	40.16981132075472
187700	196	61	40.32786885245902
187800	201	62	40.41935483870968
187900	197	69	40.333333333333336
188000	181	78	40.294871794871796
188100	167	83	40.28915662650602
188200	168	80	40.275
188300	158	87	40.32183908045977
188400	154	89	40.449438202247194
188500	147	95	40.536842105263155
188600	148	96	40.541666666666664
188700	144	95	40.473684210526315
188800	136	93	40.526881720430104
188900	136	89	40.50561797752809
189000	130	88	40.38636363636363
189100	132	87	40.37931034482759
189200	135	81	40.358024691358025
189300	131	76	40.43421052631579
189400	124	76	40.38157894736842
189500	120	75	40.333333333333336
189600	111	65	40.323076923076925
189700	111	64	40.40625
189800	104	68	40.30882352941177
189900	99	64	40.390625
190000	104	58	40.51724137931034
190100	106	59	40.57627118644068
190200	114	50	40.58
190300	116	45	40.51111111111111
190400	119	44	40.52272727272727
190500	131	35	40.42857142857143
190600	131	33	40.303030303030305
190700	142	32	40.21875
190800	151	31	40.225806451612904
190900	168	29	40.13793103448276
191000	174	27	40.03703703703704
191100	182	25	39.64
191200	186	23	39.73913043478261
191300	194	22	39.54545454545455
191400	199	21	39.714285714285715
191500	199	25	40.04
191600	201	23	40.08695652173913
191700	213	20	40.2
191800	222	22	39.95454545454545
191900	231	22	40.13636363636363
192000	238	23	39.82608695652174
192100	234	31	39.516129032258064
192200	242	32	39.59375
192300	246	33	39.54545454545455
192400	247	36	39.416666666666664
192500	249	36	39.333333333333336
192600	255	33	39.60606060606061
192700	247	39	39.76923076923077
192800	250	42	39.69047619047619
192900	243	52	39.71153846153846
193000	241	54	39.77777777777778
193100	237	64	40.015625
193200	234	71	39.91549295774648
193300	229	74	39.986486486486484
193400	214	75	40.13333333333333
193500	207	76	40.39473684210526
193600	199	81	40.24691358024691
193700	198	91	40.02197802197802
193800	183	98	40.07142857142857
193900	172	102	40.068627450980394
194000	150	115	40.06956521739131
194100	141	118	40.04237288135593
194200	140	107	40.19626168224299
194300	128	103	40.271844660194176
194400	123	96	40.208333333333336
194500	126	92	40.16304347826087
194600	128	86	40.08139534883721
194700	129	77	40.12987012987013
194800	126	70	40.15714285714286
194900	125	64	39.96875
195000	131	54	40.074074074074076
195100	131	52	40.07692307692308
195200	128	48	40.104166666666664
195300	137	41	40.36585365853659
195400	135	41	40.51219512195122
195500	133	40	40.525
195600	136	44	40.70454545454545
195700	130	48	40.833333333333336
195800	134	48	40.8125
195900	136	48	40.916666666666664
196000	132	48	40.958333333333336
196100	136	50	40.88
196200	143	47	40.5531914893617
196300	144	48	40.625
196400	144	46	40.58695652173913
196500	147	37	40.37837837837838
196600	153	36	40.52777777777778
196700	151	35	40.542857142857144
196800	153	43	40.74418604651163
196900	149	47	40.765957446808514
197000	160	48	40.833333333333336
197100	158	49	40.57142857142857
197200	154	52	40.51923076923077
197300	157	49	40.46938775510204
197400	159	44	40.45454545454545
197500	158	46	40.43478260869565
197600	159	47	40.38297872340426
197700	164	47	40.51063829787234
197800	161	41	40.707317073170735
197900	159	41	40.78048780487805
198000	158	45	40.71111111111111
198100	154	52	40.53846153846154
198200	160	54	40.55555555555556
198300	152	57	40.771929824561404
198400	146	65	40.8
198500	142	66	40.65151515151515
198600	146	61	40.622950819672134
198700	142	68	40.61764705882353
198800	142	68	40.51470588235294
198900	146	67	40.73134328358209
199000	150	60	40.78333333333333
199100	144	62	40.774193548387096
199200	141	64	40.8125
199300	138	64	40.921875
199400	140	59	40.898305084745765
199500	141	61	40.90163934426229
199600	147	61	40.77049180327869
199700	148	57	40.824561403508774
199800	150	53	41.0188679245283
199900	155	51	41.15686274509804
200000	150	55	41.14545454545455