Time	Food	Creatures
100	1199	111
200	1203	118
300	1204	131
400	1214	137
500	1202	149
600	1200	125
700	1208	130
800	1207	146
900	1218	139
1000	1222	139
1100	1223	123
1200	1224	117
1300	1227	120
1400	1227	108
1500	1234	105
1600	1241	102
1700	1244	105
1800	1271	93
1900	1278	87
2000	1281	82
2100	1302	84
2200	1314	74
2300	1329	68
2400	1331	72
2500	1339	74
2600	1344	78
2700	1350	80
2800	1374	74
2900	1382	71
3000	1393	67
3100	1405	69
3200	1408	70
3300	1412	74
3400	1430	78
3500	1441	80
3600	1457	80
3700	1471	77
3800	1487	73
3900	1493	76
4000	1504	68
4100	1525	68
4200	1540	60
4300	1551	62
4400	1575	58
4500	1589	52
4600	1608	54
4700	1625	50
4800	1631	56
4900	1649	56
5000	1663	53
5100	1664	57
5200	1675	60
5300	1681	68
5400	1700	63
5500	1701	65
5600	1706	67
5700	1700	73
5800	1710	67
5900	1717	69
6000	1730	68
6100	1736	75
6200	1753	71
6300	1760	80
6400	1768	81
6500	1779	86
6600	1783	84
6700	1781	92
6800	1780	89
6900	1789	87
7000	1797	92
7100	1802	87
7200	1797	96
7300	1793	103
7400	1804	104
7500	1809	100
7600	1805	111
7700	1798	113
7800	1802	107
7900	1797	124
8000	1787	132
8100	1782	139
8200	1762	140
8300	1753	141
8400	1752	150
8500	1738	155
8600	1734	148
8700	1726	160
8800	1704	181
8900	1708	189
9000	1686	187
9100	1679	180
9200	1668	191
9300	1666	174
9400	1659	172
9500	1649	170
9600	1638	163
9700	1626	171
9800	1613	173
9900	1610	175
10000	1589	185
10100	1565	197
10200	1553	201
10300	1533	190
10400	1522	196
10500	1521	193
10600	1499	195
10700	1496	191
10800	1489	185
10900	1475	185
11000	1464	184
11100	1449	178
11200	1447	182
11300	1435	179
11400	1438	170
11500	1433	168
11600	1414	169
11700	1393	171
11800	1389	170
11900	1378	169
12000	1361	176
12100	1352	175
12200	1339	175
12300	1334	178
12400	1325	174
12500	1318	173
12600	1315	164
12700	1309	174
12800	1307	170
12900	1306	163
13000	1299	168
13100	1285	166
13200	1278	158
13300	1272	152
13400	1265	150
13500	1273	159
13600	1284	152
13700	1292	133
13800	1302	140
13900	1298	136
14000	1290	145
14100	1297	130
14200	1313	126
14300	1310	136
14400	1300	140
14500	1310	132
14600	1301	129
14700	1293	129
14800	1295	130
14900	1284	131
15000	1288	129
15100	1290	128
15200	1282	131
15300	1286	125
15400	1281	129
15500	1282	131
15600	1276	139
15700	1277	134
15800	1276	130
15900	1282	123
16000	1297	116
16100	1289	111
16200	1292	111
16300	1308	108
16400	1316	110
16500	1335	106
16600	1349	106
16700	1360	98
16800	1376	87
16900	1382	77
17000	1395	86
17100	1399	89
17200	1406	89
17300	1413	88
17400	1413	85
17500	1432	83
17600	1447	79
17700	1468	72
17800	1477	61
17900	1502	55
18000	1516	53
18100	1534	47
18200	1560	44
18300	1573	46
18400	1587	48
18500	1598	49
18600	1628	48
18700	1647	52
18800	1661	55
18900	1668	58
19000	1686	57
19100	1698	63
19200	1714	66
19300	1726	70
19400	1743	75
19500	1744	85
19600	1735	94
19700	1733	102
19800	1741	99
19900	1736	107
20000	1741	111
20100	1750	108
20200	1757	106
20300	1760	114
20400	1749	121
20500	1756	118
20600	1744	127
20700	1743	133
20800	1734	137
20900	1723	146
21000	1737	144
21100	1736	145
21200	1735	144
21300	1716	147
21400	1690	157
21500	1686	157
21600	1669	173
21700	1664	180
21800	1657	182
21900	1648	175
22000	1627	183
22100	1625	172
22200	1610	174
22300	1604	173
22400	1607	168
22500	1602	169
22600	1604	164
22700	1594	155
22800	1604	143
22900	1598	141
23000	1599	138
23100	1587	145
23200	1579	140
23300	1578	140
23400	1579	139
23500	1575	143
23600	1587	142
23700	1585	138
23800	1585	144
23900	1567	147
24000	1562	148
24100	1554	145
24200	1559	141
24300	1544	138
24400	1533	142
24500	1539	146
24600	1531	145
24700	1524	142
24800	1517	144
24900	1515	143
25000	1512	142
25100	1515	137
25200	1515	137
25300	1500	151
25400	1483	152
25500	1480	158
25600	1487	159
25700	1483	155
25800	1484	149
25900	1466	151
26000	1452	160
26100	1440	162
26200	1439	159
26300	1431	165
26400	1427	156
26500	1422	156
26600	1406	151
26700	1407	146
26800	1400	142
26900	1404	145
27000	1405	136
27100	1407	140
27200	1411	144
27300	1409	140
27400	1409	131
27500	1407	145
27600	1393	147
27700	1377	147
27800	1373	148
27900	1354	164
28000	1351	167
28100	1341	153
28200	1332	163
28300	1311	172
28400	1318	163
28500	1302	163
28600	1298	160
28700	1292	156
28800	1278	150
28900	1266	158
29000	1262	155
29100	1245	147
29200	1240	137
29300	1242	135
29400	1249	128
29500	1264	117
29600	1265	111
29700	1270	111
29800	1280	109
29900	1298	102
30000	1320	91
30100	1317	90
30200	1317	99
30300	1323	97
30400	1328	92
30500	1336	85
30600	1352	83
30700	1366	82
30800	1381	68
30900	1384	68
31000	1389	74
31100	1403	78
31200	1411	76
31300	1416	76
31400	1425	78
31500	1443	78
31600	1464	75
31700	1476	69
31800	1484	69
31900	1505	62
32000	1513	64
32100	1521	58
32200	1535	62
32300	1536	59
32400	1550	58
32500	1571	57
32600	1574	58
32700	1582	66
32800	1606	64
32900	1626	56
33000	1631	57
33100	1627	65
33200	1620	77
33300	1636	77
33400	1649	88
33500	1656	91
33600	1668	94
33700	1670	100
33800	1669	103
33900	1667	109
34000	1680	116
34100	1691	113
34200	1691	113
34300	1711	106
34400	1719	100
34500	1717	105
34600	1719	99
34700	1722	99
34800	1717	109
34900	1704	120
35000	1704	130
35100	1707	136
35200	1695	143
35300	1692	142
35400	1686	148
35500	1672	148
35600	1658	157
35700	1653	154
35800	1645	150
35900	1648	153
36000	1649	161
36100	1654	155
36200	1641	163
36300	1643	159
36400	1624	164
36500	1619	172
36600	1606	178
36700	1585	182
36800	1567	186
36900	1546	189
37000	1535	186
37100	1527	199
37200	1507	196
37300	1500	194
37400	1475	192
37500	1471	185
37600	1456	170
37700	1461	164
37800	1450	170
37900	1431	169
38000	1418	164
38100	1423	157
38200	1434	147
38300	1434	145
38400	1440	136
38500	1433	137
38600	1428	150
38700	1412	151
38800	1410	164
38900	1392	168
39000	1383	174
39100	1347	188
39200	1335	193
39300	1331	197
39400	1326	190
39500	1295	203
39600	1282	203
39700	1266	196
39800	1246	207
39900	1229	220
40000	1223	215
40100	1215	202
40200	1209	198
40300	1198	193
40400	1180	191
40500	1171	177
40600	1164	175
40700	1170	168
40800	1173	151
40900	1165	144
41000	1158	133
41100	1168	112
41200	1175	108
41300	1181	97
41400	1186	92
41500	1190	90
41600	1189	86
41700	1193	88
41800	1190	85
41900	1192	90
42000	1205	90
42100	1213	93
42200	1208	94
42300	1211	95
42400	1222	100
42500	1234	97
42600	1234	92
42700	1238	88
42800	1239	87
42900	1248	83
43000	1258	85
43100	1268	87
43200	1280	87
43300	1290	83
43400	1298	87
43500	1324	82
43600	1327	78
43700	1327	79
43800	1340	70
43900	1360	61
44000	1369	59
44100	1385	55
44200	1396	53
44300	1416	54
44400	1427	48
44500	1441	42
44600	1442	43
44700	1462	39
44800	1487	38
44900	1509	37
45000	1525	38
45100	1550	38
45200	1561	34
45300	1585	30
45400	1609	28
45500	1633	28
45600	1660	28
45700	1682	22
45800	1703	22
45900	1716	24
46000	1739	26
46100	1750	26
46200	1766	28
46300	1778	28
46400	1792	33
46500	1809	39
46600	1821	46
46700	1833	48
46800	1839	52
46900	1844	61
47000	1845	60
47100	1859	61
47200	1883	59
47300	1894	65
47400	1905	62
47500	1904	66
47600	1917	67
47700	1916	74
47800	1922	77
47900	1914	85
48000	1926	87
48100	1922	98
48200	1934	104
48300	1948	105
48400	1956	113
48500	1958	107
48600	1964	98
48700	1975	88
48800	1987	86
48900	1986	78
49000	1986	83
49100	1985	89
49200	1996	92
49300	2008	94
49400	2021	94
49500	2024	94
49600	2035	89
49700	2036	94
49800	2052	90
49900	2040	97
50000	2050	96
50100	2055	102
50200	2057	102
50300	2051	112
50400	2054	112
50500	2029	126
50600	2031	132
50700	2016	139
50800	1991	150
50900	1980	152
51000	1990	162
51100	1981	160
51200	1973	161
51300	1954	172
51400	1948	181
51500	1921	183
51600	1909	185
51700	1906	195
51800	1904	190
51900	1887	196
52000	1873	200
52100	1854	194
52200	1828	189
52300	1818	189
52400	1794	200
52500	1772	202
52600	1761	205
52700	1733	214
52800	1706	226
52900	1677	228
53000	1650	239
53100	1610	259
53200	1582	256
53300	1557	253
53400	1534	257
53500	1502	263
53600	1471	255
53700	1448	256
53800	1432	271
53900	1414	273
54000	1390	274
54100	1361	267
54200	1353	252
54300	1326	258
54400	1294	262
54500	1262	258
54600	1252	247
54700	1239	244
54800	1217	236
54900	1210	225
55000	1162	234
55100	1150	228
55200	1132	242
55300	1104	248
55400	1069	251
55500	1046	250
55600	1020	252
55700	1008	248
55800	1003	234
55900	999	210
56000	982	202
56100	971	192
56200	962	173
56300	964	167
56400	972	158
56500	982	138
56600	996	125
56700	999	109
56800	1000	105
56900	993	109
57000	1000	105
57100	1021	96
57200	1037	93
57300	1051	91
57400	1065	81
57500	1092	67
57600	1106	67
57700	1122	59
57800	1127	49
57900	1148	44
58000	1165	47
58100	1190	41
58200	1203	40
58300	1218	41
58400	1235	42
58500	1247	44
58600	1265	44
58700	1291	38
58800	1315	34
58900	1323	38
59000	1345	41
59100	1354	45
59200	1375	47
59300	1396	45
59400	1422	46
59500	1429	42
59600	1446	43
59700	1460	35
59800	1472	36
59900	1487	37
60000	1491	43
60100	1500	50
60200	1527	47
60300	1536	56
60400	1549	54
60500	1558	50
60600	1576	52
60700	1591	48
60800	1613	45
60900	1642	47
61000	1667	43
61100	1680	44
61200	1688	47
61300	1704	51
61400	1699	61
61500	1718	66
61600	1715	74
61700	1731	77
61800	1731	85
61900	1739	83
62000	1735	91
62100	1749	95
62200	1756	102
62300	1752	101
62400	1744	103
62500	1747	103
62600	1747	110
62700	1749	116
62800	1748	109
62900	1757	107
63000	1767	108
63100	1775	101
63200	1784	101
63300	1793	101
63400	1799	94
63500	1806	95
63600	1806	102
63700	1817	94
63800	1823	97
63900	1838	91
64000	1857	94
64100	1871	94
64200	1887	83
64300	1888	85
64400	1879	99
64500	1875	107
64600	1879	111
64700	1892	113
64800	1887	121
64900	1881	126
65000	1875	122
65100	1889	117
65200	1881	122
65300	1864	132
65400	1852	137
65500	1841	134
65600	1825	152
65700	1801	167
65800	1788	169
65900	1763	182
66000	1759	192
66100	1738	204
66200	1721	208
66300	1707	206
66400	1697	200
66500	1698	194
66600	1687	192
66700	1678	182
66800	1662	186
66900	1647	190
67000	1630	196
67100	1597	215
67200	1581	219
67300	1548	233
67400	1538	226
67500	1516	232
67600	1495	236
67700	1474	238
67800	1439	243
67900	1399	272
68000	1366	276
68100	1329	277
68200	1306	270
68300	1296	276
68400	1277	262
68500	1231	273
68600	1197	286
68700	1153	292
68800	1126	296
68900	1073	310
69000	1029	307
69100	1014	293
69200	990	286
69300	970	283
69400	961	266
69500	968	239
69600	954	217
69700	951	200
69800	951	180
69900	949	148
70000	958	130
70100	984	121
70200	1012	110
70300	1035	103
70400	1058	86
70500	1077	79
70600	1084	69
70700	1099	61
70800	1113	52
70900	1122	51
71000	1136	55
71100	1145	57
71200	1162	55
71300	1176	53
71400	1199	51
71500	1216	53
71600	1228	50
71700	1244	47
71800	1262	46
71900	1269	50
72000	1283	51
72100	1304	51
72200	1323	49
72300	1352	46
72400	1376	44
72500	1396	42
72600	1414	39
72700	1420	39
72800	1438	44
72900	1459	41
73000	1470	45
73100	1477	47
73200	1485	49
73300	1504	51
73400	1515	48
73500	1513	54
73600	1530	49
73700	1556	44
73800	1571	43
73900	1579	48
74000	1600	39
74100	1611	38
74200	1623	43
74300	1636	41
74400	1653	44
74500	1669	46
74600	1677	52
74700	1701	52
74800	1728	51
74900	1741	53
75000	1743	55
75100	1749	57
75200	1763	60
75300	1769	61
75400	1787	63
75500	1794	64
75600	1801	65
75700	1797	69
75800	1796	73
75900	1809	78
76000	1815	82
76100	1814	89
76200	1817	95
76300	1817	98
76400	1820	99
76500	1825	105
76600	1824	101
76700	1814	101
76800	1810	101
76900	1814	101
77000	1822	101
77100	1805	111
77200	1810	125
77300	1811	130
77400	1793	143
77500	1787	151
77600	1776	155
77700	1766	164
77800	1768	156
77900	1758	162
78000	1743	163
78100	1727	166
78200	1715	171
78300	1710	172
78400	1686	171
78500	1683	166
78600	1679	162
78700	1674	155
78800	1664	157
78900	1630	182
79000	1606	198
79100	1580	202
79200	1563	205
79300	1531	224
79400	1502	220
79500	1485	207
79600	1469	215
79700	1449	225
79800	1444	224
79900	1409	238
80000	1382	234
80100	1356	237
80200	1340	233
80300	1312	235
80400	1300	237
80500	1281	237
80600	1253	238
80700	1234	239
80800	1222	237
80900	1211	226
81000	1198	206
81100	1162	218
81200	1130	235
81300	1114	226
81400	1104	219
81500	1091	213
81600	1081	210
81700	1067	198
81800	1052	189
81900	1047	187
82000	1037	190
82100	1044	173
82200	1047	152
82300	1049	140
82400	1068	130
82500	1081	123
82600	1088	110
82700	1103	91
82800	1125	82
82900	1148	68
83000	1162	59
83100	1187	49
83200	1209	42
83300	1219	42
83400	1228	40
83500	1251	40
83600	1267	48
83700	1284	53
83800	1307	54
83900	1314	50
84000	1325	45
84100	1356	34
84200	1364	37
84300	1396	35
84400	1413	33
84500	1419	33
84600	1436	32
84700	1460	33
84800	1484	31
84900	1507	30
85000	1527	25
85100	1536	29
85200	1557	28
85300	1576	35
85400	1591	39
85500	1608	43
85600	1617	45
85700	1632	44
85800	1654	42
85900	1674	42
86000	1691	41
86100	1712	36
86200	1731	37
86300	1756	37
86400	1783	34
86500	1801	32
86600	1820	34
86700	1824	32
86800	1836	33
86900	1854	37
87000	1876	38
87100	1883	47
87200	1895	55
87300	1903	61
87400	1919	60
87500	1930	68
87600	1950	68
87700	1958	69
87800	1968	71
87900	1979	72
88000	1987	75
88100	2002	73
88200	2010	73
88300	2015	71
88400	2031	80
88500	2033	85
88600	2038	89
88700	2037	97
88800	2039	102
88900	2047	98
89000	2044	99
89100	2047	97
89200	2051	101
89300	2051	106
89400	2043	107
89500	2038	111
89600	2029	110
89700	2027	112
89800	2027	123
89900	2036	118
90000	2031	119
90100	2040	119
90200	2045	120
90300	2058	114
90400	2063	103
90500	2066	106
90600	2074	101
90700	2079	100
90800	2075	108
90900	2078	108
91000	2068	101
91100	2059	111
91200	2048	122
91300	2050	123
91400	2066	109
91500	2076	111
91600	2073	121
91700	2063	128
91800	2070	119
91900	2069	115
92000	2056	124
92100	2041	136
92200	2029	134
92300	2007	150
92400	1999	162
92500	1993	161
92600	1966	167
92700	1934	182
92800	1927	191
92900	1911	194
93000	1887	206
93100	1861	216
93200	1854	212
93300	1836	223
93400	1822	228
93500	1819	229
93600	1798	219
93700	1783	210
93800	1751	218
93900	1736	211
94000	1730	196
94100	1729	187
94200	1731	195
94300	1717	187
94400	1690	185
94500	1668	186
94600	1662	179
94700	1664	170
94800	1636	187
94900	1630	194
95000	1610	194
95100	1598	191
95200	1591	196
95300	1562	201
95400	1539	201
95500	1500	225
95600	1469	246
95700	1447	251
95800	1446	239
95900	1441	235
96000	1438	220
96100	1423	198
96200	1430	188
96300	1437	172
96400	1431	166
96500	1423	164
96600	1406	163
96700	1401	159
96800	1396	163
96900	1380	171
97000	1372	178
97100	1347	187
97200	1335	183
97300	1318	179
97400	1328	168
97500	1324	172
97600	1323	156
97700	1313	161
97800	1313	157
97900	1329	148
98000	1324	142
98100	1320	125
98200	1321	123
98300	1317	127
98400	1314	125
98500	1322	120
98600	1330	109
98700	1339	111
98800	1339	107
98900	1340	117
99000	1356	109
99100	1362	106
99200	1373	107
99300	1380	105
99400	1387	94
99500	1394	85
99600	1399	83
99700	1407	84
99800	1414	83
99900	1425	84
100000	1414	88
100100	1411	96
100200	1416	88
100300	1429	92
100400	1434	102
100500	1434	108
100600	1433	105
100700	1443	104
100800	1454	105
100900	1453	108
101000	1461	99
101100	1466	94
101200	1476	87
101300	1481	82
101400	1497	80
101500	1509	80
101600	1523	73
101700	1523	81
101800	1519	88
101900	1523	89
102000	1525	89
102100	1526	86
102200	1533	90
102300	1530	99
