Time	Food	Creatures
100	1107	109
200	1022	134
300	941	173
400	827	218
500	698	275
600	579	315
700	478	354
800	374	391
900	293	412
1000	219	431
1100	176	438
1200	130	443
1300	109	430
1400	86	415
1500	64	402
1600	66	378
1700	63	341
1800	62	300
1900	55	264
2000	55	231
2100	53	194
2200	54	161
2300	63	119
2400	70	94
2500	79	77
2600	89	61
2700	99	50
2800	109	43
2900	120	29
3000	127	24
3100	135	18
3200	147	16
3300	157	12
3400	164	10
3500	174	10
3600	183	10
3700	189	11
3800	200	11
3900	207	11
4000	217	11
4100	222	8
4200	231	8
4300	245	8
4400	255	6
4500	267	5
4600	280	3
4700	288	3
4800	301	3
4900	308	4
5000	320	3
5100	330	3
5200	340	3
5300	349	3
5400	358	3
5500	365	2
5600	376	2
5700	383	2
5800	387	2
5900	393	3
6000	407	3
6100	417	4
6200	430	4
6300	440	5
6400	452	6
6500	458	6
6600	468	6
6700	479	6
6800	489	4
6900	498	4
7000	500	5
7100	506	5
7200	512	5
7300	521	6
7400	538	6
7500	547	6
7600	556	6
7700	559	7
7800	559	10
7900	566	10
8000	571	11
8100	582	10
8200	591	10
8300	605	10
8400	617	10
8500	621	12
8600	632	15
8700	639	15
8800	649	16
8900	654	20
9000	653	23
9100	654	24
9200	663	24
9300	662	30
9400	659	34
9500	663	34
9600	669	37
9700	661	40
9800	654	46
9900	646	47
10000	635	54
10100	613	65
10200	603	69
10300	586	78
10400	580	84
10500	553	94
10600	524	108
10700	502	117
10800	473	129
10900	442	138
11000	429	143
11100	400	152
11200	369	159
11300	343	164
11400	305	169
11500	288	171
11600	258	172
11700	241	177
11800	222	176
11900	208	174
12000	199	170
12100	197	165
12200	183	159
12300	174	157
12400	164	143
12500	158	137
12600	156	129
12700	153	123
12800	149	113
12900	155	99
13000	164	90
13100	160	80
13200	158	77
13300	159	72
13400	162	67
13500	161	61
13600	165	52
13700	167	48
13800	174	45
13900	181	42
14000	188	41
14100	196	34
14200	202	32
14300	204	31
14400	216	32
14500	227	31
14600	235	27
14700	244	25
14800	253	23
14900	260	21
15000	273	20
15100	277	17
15200	281	18
15300	286	18
15400	292	16
15500	297	15
15600	306	13
15700	313	13
15800	319	14
15900	330	14
16000	337	14
16100	335	15
16200	347	15
16300	353	15
16400	355	15
16500	363	16
16600	366	14
16700	378	16
16800	384	16
16900	391	16
17000	401	17
17100	410	15
17200	419	16
17300	422	19
17400	430	20
17500	441	20
17600	446	20
17700	455	20
17800	464	20
17900	470	22
18000	481	22
18100	493	22
18200	489	24
18300	495	24
18400	499	25
18500	507	26
18600	508	27
18700	518	29
18800	519	31
18900	523	33
19000	525	34
19100	528	36
19200	525	40
19300	521	41
19400	517	45
19500	511	49
19600	496	56
19700	486	62
19800	483	68
19900	475	74
20000	465	80
20100	445	82
20200	425	88
20300	420	94
20400	412	95
20500	396	104
20600	375	105
20700	352	109
20800	333	114
20900	314	121
21000	301	121
21100	282	125
21200	272	128
21300	251	134
21400	235	139
21500	224	137
21600	221	136
21700	212	133
21800	203	122
21900	197	120
22000	193	111
22100	193	104
22200	196	94
22300	186	93
22400	182	86
22500	180	79
22600	178	78
22700	178	70
22800	171	65
22900	180	62
23000	189	58
23100	190	58
23200	192	58
23300	197	55
23400	202	47
23500	212	45
23600	223	45
23700	229	46
23800	236	42
23900	244	40
24000	252	38
24100	264	38
24200	273	36
24300	273	35
24400	281	36
24500	287	35
24600	290	33
24700	286	37
24800	290	37
24900	295	37
25000	300	37
25100	302	35
25200	308	34
25300	308	37
25400	308	37
25500	309	37
25600	323	35
25700	328	35
25800	333	31
25900	335	30
26000	335	32
26100	335	32
26200	332	33
26300	339	33
26400	338	32
26500	346	33
26600	346	33
26700	349	35
26800	361	33
26900	364	35
27000	363	35
27100	363	35
27200	362	37
27300	371	40
27400	366	43
27500	362	48
27600	359	48
27700	357	52
27800	355	55
27900	348	58
28000	340	60
28100	337	61
28200	344	58
28300	347	61
28400	334	70
28500	330	72
28600	329	73
28700	321	74
28800	318	72
28900	313	70
29000	310	71
29100	304	69
29200	305	67
29300	311	71
29400	308	68
29500	301	71
29600	298	70
29700	287	71
29800	286	74
29900	286	74
30000	284	73
30100	276	72
30200	271	74
30300	266	72
30400	268	72
30500	271	72
30600	274	73
30700	272	70
30800	264	66
30900	257	67
31000	257	65
31100	255	65
31200	265	62
31300	262	60
31400	271	58
31500	268	56
31600	259	55
31700	257	51
31800	265	51
31900	277	49
32000	274	49
32100	271	50
32200	270	52
32300	264	49
32400	272	48
32500	277	48
32600	280	48
32700	288	40
32800	293	42
32900	301	37
33000	302	36
33100	304	36
33200	305	37
33300	309	40
33400	314	38
33500	322	38
33600	331	36
33700	330	35
33800	333	36
33900	336	35
34000	337	36
34100	346	36
34200	344	40
34300	341	40
34400	337	41
34500	345	44
34600	348	43
34700	349	46
34800	351	45
34900	351	45
35000	363	46
35100	366	48
35200	363	46
35300	361	46
35400	369	46
35500	373	48
35600	375	49
35700	367	49
35800	368	49
35900	358	58
36000	355	60
36100	353	62
36200	351	59
36300	349	62
36400	349	63
36500	340	63
36600	340	66
36700	341	72
36800	337	75
36900	343	75
37000	337	76
37100	335	78
37200	326	81
37300	329	82
37400	324	81
37500	312	86
37600	303	84
37700	301	86
37800	288	92
37900	278	95
38000	272	93
38100	268	92
38200	255	93
38300	248	94
38400	247	91
38500	235	91
38600	222	90
38700	216	87
38800	214	89
38900	212	87
39000	212	86
39100	210	80
39200	210	79
39300	207	75
39400	208	70
39500	222	66
39600	225	57
39700	216	58
39800	207	57
39900	215	54
40000	218	53
40100	218	53
40200	222	53
40300	229	52
40400	244	49
40500	245	48
40600	251	47
40700	250	46
40800	249	42
40900	256	42
41000	265	40
41100	268	34
41200	271	33
41300	279	34
41400	276	34
41500	284	34
41600	284	37
41700	291	38
41800	297	36
41900	306	36
42000	315	37
42100	319	37
42200	324	36
42300	323	36
42400	330	35
42500	336	35
42600	335	34
42700	342	34
42800	347	34
42900	355	35
43000	353	38
43100	346	38
43200	353	38
43300	354	41
43400	347	40
43500	344	40
43600	346	45
43700	341	47
43800	339	47
43900	351	50
44000	353	49
44100	361	50
44200	361	51
44300	359	53
44400	358	53
44500	354	56
44600	350	57
44700	350	59
44800	342	62
44900	335	62
45000	325	64
45100	324	67
45200	326	66
45300	317	72
45400	315	73
45500	306	75
45600	305	73
45700	306	75
45800	304	72
45900	302	71
46000	295	75
46100	295	73
46200	292	70
46300	292	69
46400	289	64
46500	290	62
46600	295	60
46700	302	55
46800	299	58
46900	300	59
47000	300	58
47100	296	57
47200	300	56
47300	306	54
47400	303	56
47500	300	55
47600	300	55
47700	305	53
47800	307	52
47900	306	55
48000	310	56
48100	304	55
48200	301	54
48300	307	48
48400	315	46
48500	320	46
48600	316	46
48700	319	48
48800	318	50
48900	318	50
49000	318	50
49100	317	52
49200	313	53
49300	313	50
49400	315	49
49500	313	50
49600	320	51
49700	313	53
49800	316	57
49900	318	60
50000	320	61
50100	321	57
50200	323	59
50300	323	62
50400	324	59
50500	324	62
50600	323	65
50700	321	63
50800	312	65
50900	309	64
51000	311	64
51100	315	62
51200	314	62
51300	311	64
51400	313	62
51500	315	63
51600	310	64
51700	304	66
51800	295	65
51900	294	68
52000	295	70
52100	289	71
52200	287	69
52300	285	71
52400	286	70
52500	274	69
52600	271	70
52700	271	69
52800	274	68
52900	280	66
53000	273	66
53100	266	63
53200	266	63
53300	269	61
53400	258	66
53500	261	66
53600	261	67
53700	266	67
53800	271	66
53900	279	64
54000	281	66
54100	285	60
54200	283	58
54300	282	57
54400	282	50
54500	284	50
54600	289	51
54700	288	47
54800	292	45
54900	291	43
55000	293	44
55100	288	45
55200	289	45
55300	296	48
55400	300	46
55500	298	46
55600	303	46
55700	305	47
55800	308	42
55900	306	42
56000	307	41
56100	308	43
56200	307	45
56300	303	46
56400	299	48
56500	298	50
56600	296	49
56700	301	51
56800	299	51
56900	297	50
57000	299	53
57100	302	55
57200	294	55
57300	299	56
57400	298	55
57500	299	56
57600	297	58
57700	296	58
57800	299	53
57900	295	54
58000	290	55
58100	286	60
58200	283	60
58300	288	62
58400	288	62
58500	289	62
58600	292	60
58700	298	58
58800	296	55
58900	300	56
59000	296	55
59100	290	55
59200	282	57
59300	273	57
59400	273	60
59500	271	61
59600	276	61
59700	281	62
59800	273	61
59900	271	59
60000	274	58
60100	283	54
60200	285	57
60300	287	54
60400	287	53
60500	288	51
60600	281	53
60700	275	53
60800	274	56
60900	267	54
61000	270	56
61100	271	56
61200	273	53
61300	270	54
61400	274	53
61500	287	51
61600	292	49
61700	290	53
61800	284	49
61900	281	47
62000	285	49
62100	298	50
62200	303	45
62300	311	45
62400	318	46
62500	326	44
62600	325	46
62700	336	45
62800	332	44
62900	327	45
63000	319	49
63100	320	53
63200	318	56
63300	319	57
63400	322	58
63500	321	59
63600	316	60
63700	310	62
63800	309	62
63900	304	61
64000	299	62
64100	298	65
64200	295	64
64300	297	64
64400	295	65
64500	293	63
64600	288	64
64700	295	62
64800	306	59
64900	308	59
65000	306	56
65100	298	55
65200	289	59
65300	284	62
65400	279	64
65500	276	65
65600	278	67
65700	274	68
65800	270	67
65900	267	65
66000	266	65
66100	258	64
66200	264	64
66300	264	65
66400	268	66
66500	269	61
66600	270	59
66700	267	59
66800	270	55
66900	271	56
67000	271	57
67100	284	59
67200	280	56
67300	268	57
67400	264	57
67500	269	56
67600	271	54
67700	278	56
67800	278	55
67900	273	52
68000	270	53
68100	270	51
68200	279	50
68300	284	49
68400	290	48
68500	282	47
68600	283	48
68700	287	49
68800	288	50
68900	287	47
69000	283	49
69100	289	50
69200	290	49
69300	296	48
69400	299	49
69500	293	49
69600	292	50
69700	295	52
69800	297	53
69900	305	53
70000	308	55
70100	299	56
70200	292	58
70300	298	57
70400	297	60
70500	302	59
70600	298	58
70700	300	59
70800	298	57
70900	294	58
71000	288	62
71100	282	66
71200	283	65
71300	291	61
71400	295	61
71500	300	60
71600	296	61
71700	302	59
71800	296	59
71900	293	54
72000	290	54
72100	294	53
72200	296	54
72300	301	49
72400	304	45
72500	299	46
72600	301	46
72700	296	45
72800	300	44
72900	305	47
73000	305	49
73100	307	48
73200	306	49
73300	308	47
73400	307	49
73500	310	51
73600	304	52
73700	309	50
73800	305	50
73900	307	51
74000	301	52
74100	299	51
74200	299	53
74300	302	55
74400	299	53
74500	296	52
74600	294	55
74700	301	55
74800	296	58
74900	293	59
75000	294	57
75100	304	58
75200	314	57
75300	311	60
75400	308	60
75500	301	63
75600	299	64
75700	303	63
75800	298	63
75900	298	65
76000	297	65
76100	299	65
76200	296	69
76300	286	70
76400	282	69
76500	271	72
76600	264	70
76700	268	69
76800	269	70
76900	265	67
77000	263	67
77100	268	67
77200	266	70
77300	265	69
77400	271	67
77500	259	72
77600	266	69
77700	263	67
77800	261	62
77900	276	62
78000	281	59
78100	280	57
78200	279	54
78300	282	51
78400	285	49
78500	288	49
78600	285	49
78700	296	49
78800	300	47
78900	304	44
79000	307	43
79100	303	46
79200	305	47
79300	311	47
79400	316	48
79500	310	51
79600	304	55
79700	299	57
79800	295	57
79900	291	57
80000	293	55
80100	295	55
80200	301	56
80300	302	56
80400	295	58
80500	294	57
80600	290	58
80700	296	58
80800	291	59
80900	292	54
81000	295	54
81100	297	55
81200	300	52
81300	300	55
81400	305	55
81500	304	55
81600	304	53
81700	299	53
81800	302	53
81900	295	51
82000	292	51
82100	294	51
82200	294	53
82300	287	54
82400	285	53
82500	280	53
82600	275	53
82700	271	57
82800	278	56
82900	270	56
83000	273	59
83100	270	60
83200	270	61
83300	266	64
83400	266	64
83500	268	67
83600	272	66
83700	276	66
83800	268	66
83900	269	61
84000	273	61
84100	273	59
84200	273	59
84300	275	57
84400	277	55
84500	280	56
84600	275	53
84700	279	50
84800	279	48
84900	288	50
85000	291	52
85100	289	49
85200	286	52
85300	292	48
85400	292	49
85500	295	52
85600	301	52
85700	299	52
85800	296	51
85900	296	52
86000	303	48
86100	301	49
86200	310	50
86300	312	48
86400	314	46
86500	320	47
86600	328	46
86700	324	48
86800	324	51
86900	322	51
87000	324	53
87100	326	51
87200	329	51
87300	330	52
87400	325	53
87500	329	53
87600	327	57
87700	330	58
87800	326	59
87900	325	61
88000	328	62
88100	332	60
88200	334	58
88300	339	55
88400	334	56
88500	331	57
88600	330	56
88700	325	57
88800	319	58
88900	314	61
89000	318	61
89100	318	61
89200	314	61
89300	317	62
89400	318	61
89500	318	62
89600	315	60
89700	318	59
89800	307	59
89900	312	56
90000	318	55
90100	316	56
90200	315	60
90300	310	62
90400	306	63
90500	303	63
90600	306	61
90700	303	62
90800	294	64
90900	288	68
91000	284	68
91100	277	66
91200	279	63
91300	278	65
91400	270	70
91500	259	72
91600	269	71
91700	265	69
91800	273	72
91900	282	73
92000	270	75
92100	261	75
92200	257	75
92300	255	72
92400	253	69
92500	250	72
92600	248	73
92700	244	71
92800	249	71
92900	249	71
93000	251	68
93100	247	63
93200	242	63
93300	246	63
93400	243	62
93500	250	60
93600	253	55
93700	258	54
93800	257	54
93900	254	54
94000	257	50
94100	259	49
94200	265	49
94300	263	50
94400	265	51
94500	267	51
94600	265	51
94700	265	50
94800	275	51
94900	280	50
95000	275	50
95100	284	48
95200	296	44
95300	304	44
95400	309	40
95500	307	41
95600	314	40
95700	319	37
95800	326	36
95900	327	34
96000	334	34
96100	337	35
96200	339	35
96300	346	34
96400	352	35
96500	361	36
96600	363	38
96700	360	36
96800	362	39
96900	358	43
97000	360	44
97100	359	45
97200	365	48
97300	360	52
97400	356	52
97500	364	53
97600	370	54
97700	362	54
97800	353	62
97900	344	62
98000	332	66
98100	317	70
98200	310	74
98300	297	78
98400	294	77
98500	280	81
98600	285	81
98700	280	80
98800	281	78
98900	275	77
99000	270	78
99100	261	74
99200	255	78
99300	252	78
99400	251	74
99500	252	74
99600	253	73
99700	250	73
99800	243	68
99900	239	66
100000	243	66
100100	240	66
100200	245	69
100300	245	69
100400	243	69
100500	243	66
100600	246	66
100700	246	65
100800	252	63
100900	254	62
101000	263	59
101100	268	56
101200	268	52
101300	269	51
101400	271	49
101500	273	47
101600	282	44
101700	285	40
101800	289	40
101900	285	41
102000	281	41
102100	281	40
102200	283	41
102300	294	39
102400	294	39
102500	287	42
102600	292	42
102700	298	42
102800	300	43
102900	304	41
103000	299	41
103100	291	44
103200	301	45
103300	302	48
103400	300	50
103500	302	53
103600	309	51
103700	314	51
103800	320	49
103900	319	50
104000	321	49
104100	327	49
104200	334	48
104300	342	45
104400	340	47
104500	342	44
104600	338	45
104700	341	45
104800	344	45
104900	350	44
105000	350	44
105100	349	46
105200	349	46
105300	347	49
105400	335	52
105500	334	54
105600	334	58
105700	338	59
105800	323	64
105900	307	66
106000	316	64
106100	313	69
106200	305	71
106300	299	71
106400	295	76
106500	294	76
106600	283	81
106700	283	77
106800	291	72
106900	284	73
107000	280	71
107100	287	68
107200	281	69
