Time	Food	Creatures
0	1200	200
100	1210	208
200	1236	218
300	1275	236
400	1284	258
500	1293	279
600	1326	220
700	1345	231
800	1363	242
900	1359	246
1000	1378	244
1100	1387	229
1200	1388	254
1300	1389	273
1400	1395	289
1500	1424	285
1600	1428	291
1700	1420	318
1800	1424	328
1900	1413	312
2000	1389	329
2100	1404	351
2200	1395	371
2300	1382	376
2400	1356	388
2500	1338	387
2600	1301	399
2700	1296	407
2800	1267	400
2900	1241	410
3000	1222	417
3100	1205	422
3200	1198	415
3300	1182	423
3400	1179	423
3500	1184	421
3600	1161	428
3700	1138	426
3800	1099	422
3900	1073	425
4000	1047	432
4100	1020	442
4200	1014	430
4300	1019	412
4400	1017	389
4500	1036	368
4600	1013	350
4700	1034	335
4800	1048	316
4900	1043	298
5000	1041	295
5100	1042	294
5200	1049	295
5300	1056	284
5400	1066	280
5500	1092	285
5600	1093	273
5700	1112	265
5800	1128	260
5900	1141	274
6000	1149	277
6100	1148	266
6200	1175	268
6300	1192	269
6400	1191	268
6500	1197	253
6600	1219	265
6700	1222	260
6800	1241	255
6900	1245	255
7000	1263	262
7100	1277	266
7200	1283	260
7300	1310	258
7400	1352	265
7500	1364	259
7600	1385	254
7700	1392	255
7800	1413	249
7900	1415	259
8000	1425	266
8100	1446	259
8200	1455	258
8300	1443	279
8400	1440	290
8500	1434	312
8600	1446	317
8700	1429	331
8800	1423	347
8900	1410	351
9000	1397	350
9100	1384	361
9200	1364	375
9300	1361	359
9400	1358	369
9500	1321	389
9600	1312	395
9700	1278	391
9800	1278	384
9900	1270	383
10000	1278	390
10100	1271	390
10200	1241	395
10300	1229	399
10400	1196	416
10500	1190	423
10600	1163	412
10700	1137	430
10800	1143	425
10900	1134	423
11000	1126	416
11100	1128	394
11200	1146	377
11300	1138	354
11400	1148	339
11500	1156	345
11600	1138	334
11700	1175	329
11800	1203	324
11900	1204	335
12000	1216	336
12100	1199	318
12200	1197	314
12300	1223	320
12400	1216	319
12500	1214	320
12600	1239	312
12700	1252	312
12800	1242	317
12900	1241	313
13000	1246	308
13100	1251	309
13200	1263	303
13300	1259	316
13400	1238	325
13500	1234	322
13600	1237	318
13700	1228	320
13800	1250	309
13900	1266	296
14000	1299	280
14100	1310	284
14200	1310	283
14300	1301	284
14400	1314	273
14500	1336	277
14600	1346	291
14700	1367	294
14800	1366	310
14900	1332	307
15000	1323	314
15100	1342	317
15200	1360	316
15300	1405	315
15400	1389	309
15500	1382	316
15600	1362	327
15700	1344	341
15800	1322	348
15900	1321	349
16000	1327	355
16100	1301	352
16200	1301	357
16300	1261	357
16400	1240	380
16500	1235	397
16600	1239	390
16700	1223	409
16800	1208	419
16900	1213	425
17000	1210	412
17100	1196	418
17200	1146	430
17300	1137	427
17400	1117	424
17500	1090	425
17600	1061	420
17700	1060	417
17800	1062	403
17900	1087	394
18000	1072	380
18100	1086	370
18200	1086	350
18300	1062	326
18400	1065	320
18500	1085	306
18600	1108	296
18700	1109	288
18800	1119	287
18900	1138	273
19000	1140	263
19100	1144	263
19200	1166	265
19300	1197	254
19400	1202	243
19500	1215	247
19600	1222	250
19700	1242	256
19800	1259	253
19900	1277	254
20000	1295	268
20100	1290	282
20200	1291	296
20300	1302	303
20400	1290	324
20500	1296	333
20600	1270	344
20700	1259	355
20800	1248	360
20900	1234	369
21000	1243	361
21100	1241	361
21200	1248	354
21300	1241	356
21400	1249	363
21500	1237	353
21600	1226	353
21700	1220	357
21800	1194	367
21900	1210	364
22000	1197	359
22100	1197	343
22200	1195	340
22300	1197	331
22400	1204	325
22500	1191	347
22600	1184	345
22700	1203	328
22800	1206	317
22900	1212	312
23000	1215	311
23100	1228	308
23200	1240	314
23300	1258	313
23400	1263	314
23500	1275	318
23600	1262	321
23700	1251	330
23800	1251	338
23900	1265	341
24000	1259	352
24100	1252	355
24200	1241	363
24300	1228	377
24400	1215	392
24500	1211	389
24600	1188	383
24700	1190	391
24800	1172	384
24900	1160	383
25000	1144	379
25100	1140	377
25200	1148	377
25300	1157	365
25400	1158	359
25500	1142	364
25600	1151	360
25700	1147	363
25800	1155	353
25900	1154	338
26000	1172	331
26100	1198	325
26200	1207	319
26300	1220	309
26400	1236	302
26500	1235	310
26600	1267	308
26700	1253	319
26800	1277	317
26900	1254	315
27000	1254	318
27100	1241	322
27200	1241	329
27300	1270	326
27400	1249	327
27500	1228	333
27600	1224	322
27700	1248	320
27800	1263	302
27900	1278	299
28000	1310	300
28100	1285	308
28200	1283	308
28300	1305	313
28400	1313	317
28500	1313	320
28600	1315	311
28700	1290	332
28800	1282	346
28900	1269	350
29000	1250	350
29100	1250	356
29200	1237	358
29300	1260	344
29400	1270	356
29500	1251	372
29600	1237	379
29700	1248	364
29800	1251	357
29900	1255	347
30000	1260	349
30100	1261	349
30200	1241	341
30300	1258	348
30400	1241	354
30500	1244	343
30600	1239	343
30700	1241	343
30800	1225	355
30900	1231	348
31000	1245	349
31100	1233	349
31200	1230	358
31300	1240	352
31400	1239	340
31500	1268	336
31600	1268	327
31700	1258	334
31800	1273	339
31900	1258	334
32000	1263	331
32100	1276	320
32200	1274	328
32300	1289	316
32400	1297	314
32500	1319	309
32600	1321	309
32700	1314	320
32800	1298	313
32900	1299	299
33000	1295	312
33100	1300	315
33200	1291	332
33300	1299	318
33400	1295	301
33500	1285	316
33600	1288	324
33700	1274	322
33800	1251	326
33900	1268	334
34000	1278	324
34100	1299	324
34200	1280	324
34300	1264	340
34400	1257	348
34500	1259	353
34600	1248	354
34700	1243	352
34800	1221	357
34900	1219	357
35000	1201	374
35100	1197	381
35200	1201	383
35300	1200	385
35400	1204	371
35500	1185	365
35600	1177	369
35700	1179	364
35800	1163	366
35900	1159	364
36000	1166	366
36100	1168	369
36200	1164	365
36300	1158	369
36400	1177	353
36500	1164	348
36600	1170	342
36700	1207	331
36800	1221	323
36900	1203	322
37000	1187	334
37100	1189	335
37200	1202	339
37300	1190	338
37400	1218	326
37500	1213	322
37600	1204	321
37700	1207	313
37800	1217	316
37900	1220	316
38000	1231	320
38100	1231	316
38200	1250	310
38300	1269	308
38400	1271	309
38500	1267	302
38600	1257	303
38700	1261	303
38800	1248	310
38900	1240	305
39000	1240	301
39100	1237	303
39200	1270	304
39300	1256	309
39400	1256	320
39500	1250	321
39600	1250	321
39700	1245	326
39800	1232	341
39900	1202	339
40000	1188	355
40100	1164	354
40200	1162	358
40300	1163	356
40400	1157	365
40500	1186	357
40600	1181	356
40700	1193	352
40800	1201	357
40900	1210	339
41000	1192	329
41100	1211	314
41200	1240	307
41300	1241	303
41400	1247	289
41500	1260	283
41600	1254	290
41700	1264	291
41800	1278	289
41900	1274	300
42000	1294	289
42100	1324	293
42200	1321	288
42300	1338	285
42400	1334	289
42500	1345	293
42600	1334	294
42700	1323	299
42800	1351	310
42900	1353	320
43000	1317	336
43100	1335	330
43200	1340	340
43300	1344	350
43400	1348	360
43500	1352	367
43600	1336	367
43700	1332	366
43800	1310	381
43900	1295	380
44000	1281	383
44100	1240	389
44200	1223	398
44300	1221	390
44400	1222	377
44500	1219	387
44600	1206	392
44700	1189	386
44800	1187	373
44900	1167	373
45000	1171	372
45100	1169	370
45200	1151	372
45300	1149	364
45400	1137	372
45500	1122	365
45600	1111	366
45700	1123	352
45800	1091	346
45900	1095	349
46000	1108	338
46100	1133	321
46200	1154	307
46300	1171	296
46400	1190	291
46500	1198	282
46600	1227	287
46700	1226	294
46800	1237	300
46900	1235	289
47000	1219	287
47100	1251	279
47200	1262	285
47300	1244	297
47400	1252	306
47500	1258	311
47600	1252	305
47700	1261	329
47800	1267	342
47900	1241	344
48000	1244	338
48100	1257	332
48200	1263	344
48300	1283	328
48400	1268	327
48500	1257	325
48600	1258	323
48700	1258	336
48800	1256	342
48900	1248	348
49000	1248	362
49100	1235	365
49200	1213	371
49300	1190	378
49400	1198	377
49500	1183	380
49600	1147	371
49700	1172	370
49800	1155	359
49900	1152	376
50000	1148	377
50100	1136	366
50200	1136	364
50300	1132	359
50400	1161	371
50500	1162	369
50600	1163	351
50700	1169	345
50800	1183	345
50900	1168	347
51000	1152	342
51100	1169	346
51200	1179	334
51300	1185	343
51400	1207	334
51500	1214	323
51600	1241	300
51700	1238	291
51800	1250	276
51900	1249	276
52000	1270	259
52100	1272	251
52200	1271	264
52300	1287	270
52400	1289	278
52500	1297	283
52600	1314	287
52700	1323	293
52800	1325	294
52900	1319	305
53000	1314	297
53100	1325	311
53200	1322	321
53300	1329	320
53400	1302	325
53500	1295	333
53600	1273	349
53700	1262	347
53800	1256	341
53900	1257	343
54000	1260	347
54100	1253	353
54200	1241	356
54300	1233	353
54400	1200	348
54500	1194	355
54600	1180	359
54700	1189	348
54800	1215	343
54900	1228	342
55000	1230	340
55100	1227	348
55200	1219	341
55300	1242	336
55400	1248	329
55500	1235	327
55600	1247	330
55700	1246	332
55800	1224	338
55900	1227	357
56000	1215	367
56100	1194	368
56200	1176	371
56300	1165	377
56400	1133	382
56500	1128	385
56600	1135	375
56700	1128	369
56800	1129	355
56900	1124	357
57000	1108	352
57100	1119	345
57200	1115	346
57300	1122	344
57400	1129	345
57500	1129	331
57600	1125	335
57700	1152	317
57800	1182	314
57900	1184	315
58000	1193	310
58100	1181	310
58200	1210	303
58300	1211	306
58400	1200	302
58500	1225	298
58600	1249	289
58700	1248	291
58800	1242	289
58900	1244	292
59000	1269	291
59100	1274	302
59200	1285	301
59300	1280	302
59400	1271	299
59500	1267	312
59600	1263	319
59700	1245	324
59800	1269	336
59900	1269	349
60000	1271	337
60100	1274	332
60200	1263	327
60300	1253	330
60400	1239	321
60500	1252	332
60600	1251	350
60700	1245	358
60800	1256	350
60900	1264	339
61000	1243	338
61100	1250	340
61200	1234	349
61300	1232	340
61400	1228	342
61500	1217	357
61600	1191	355
61700	1182	350
61800	1182	362
61900	1171	375
62000	1149	381
62100	1133	366
62200	1126	363
62300	1121	361
62400	1139	369
62500	1118	362
62600	1091	350
62700	1117	344
62800	1132	327
62900	1158	316
63000	1156	317
63100	1161	297
63200	1186	286
63300	1192	291
63400	1194	300
63500	1200	309
63600	1213	307
63700	1196	316
63800	1227	322
63900	1221	321
64000	1230	320
64100	1222	317
64200	1208	333
64300	1208	335
64400	1209	318
64500	1209	310
64600	1211	314
64700	1228	304
64800	1261	311
64900	1251	323
65000	1251	322
65100	1235	319
65200	1234	316
65300	1243	322
65400	1270	314
65500	1271	300
65600	1270	300
65700	1277	313
65800	1275	316
65900	1278	303
66000	1271	313
66100	1301	320
66200	1294	322
66300	1316	302
66400	1310	301
66500	1289	323
66600	1301	324
66700	1288	331
66800	1292	338
66900	1316	344
67000	1316	345
67100	1326	331
67200	1327	328
67300	1334	324
67400	1303	329
67500	1298	322
67600	1265	334
67700	1269	342
67800	1281	334
67900	1268	350
68000	1267	350
68100	1261	354
68200	1238	347
68300	1212	370
68400	1212	375
68500	1222	372
68600	1212	373
68700	1199	369
68800	1178	374
68900	1158	380
69000	1146	375
69100	1142	393
69200	1146	391
69300	1122	390
69400	1120	383
69500	1109	365
69600	1109	365
69700	1119	363
69800	1121	336
69900	1131	312
70000	1130	312
70100	1147	303
70200	1157	302
70300	1165	291
70400	1203	290
70500	1218	288
70600	1233	290
70700	1242	287
70800	1259	293
70900	1259	293
71000	1285	295
71100	1286	292
71200	1307	286
71300	1334	289
71400	1319	285
71500	1327	294
71600	1342	300
71700	1323	318
71800	1320	321
71900	1318	334
72000	1319	335
72100	1321	351
72200	1340	335
72300	1367	339
72400	1364	348
72500	1341	349
72600	1299	355
72700	1283	355
72800	1257	375
72900	1268	369
73000	1255	380
73100	1231	403
73200	1196	418
73300	1155	413
73400	1138	418
73500	1113	427
73600	1105	417
73700	1074	419
73800	1065	413
73900	1046	411
74000	1046	393
74100	1065	379
74200	1080	360
74300	1068	335
74400	1080	322
74500	1093	303
74600	1115	292
74700	1122	280
74800	1127	280
74900	1153	265
75000	1171	258
75100	1176	261
75200	1161	265
75300	1195	254
75400	1216	245
75500	1212	251
75600	1229	252
75700	1238	244
75800	1260	239
75900	1275	256
76000	1304	253
76100	1319	269
76200	1340	278
76300	1353	281
76400	1394	274
76500	1407	280
76600	1403	301
76700	1398	303
76800	1395	327
76900	1398	344
77000	1384	354
77100	1385	355
77200	1379	354
77300	1357	351
77400	1323	366
77500	1316	369
77600	1315	365
77700	1282	371
77800	1286	370
77900	1261	379
78000	1260	381
78100	1252	370
78200	1244	375
78300	1230	392
78400	1240	386
78500	1220	375
78600	1204	381
78700	1211	380
78800	1186	382
78900	1171	375
79000	1171	373
79100	1168	367
79200	1172	353
79300	1145	351
79400	1131	338
79500	1137	311
79600	1144	316
79700	1153	311
79800	1139	309
79900	1150	311
80000	1159	311
80100	1165	312
80200	1173	314
80300	1187	301
80400	1179	298
80500	1177	289
80600	1188	286
80700	1209	287
80800	1214	283
80900	1226	281
81000	1231	275
81100	1239	269
81200	1247	276
81300	1276	284
81400	1281	289
81500	1277	298
81600	1262	309
81700	1273	315
81800	1237	313
81900	1246	311
82000	1277	313
82100	1281	308
82200	1297	297
82300	1324	282
82400	1323	296
82500	1316	301
82600	1332	304
82700	1353	305
82800	1361	309
82900	1346	315
83000	1336	305
83100	1347	309
83200	1346	313
83300	1356	315
83400	1364	314
83500	1353	307
83600	1330	313
83700	1332	324
83800	1334	350
83900	1333	352
84000	1352	341
84100	1356	337
84200	1346	343
84300	1327	355
84400	1341	346
84500	1322	345
84600	1329	367
84700	1307	365
84800	1263	387
84900	1242	389
85000	1232	398
85100	1230	398
85200	1224	397
85300	1200	404
85400	1166	392
85500	1142	396
85600	1146	402
85700	1130	396
85800	1100	417
85900	1072	406
86000	1060	408
86100	1024	407
86200	1013	416
86300	1004	423
86400	1000	406
86500	1003	396
86600	996	376
86700	1003	364
86800	1000	346
86900	1026	325
87000	1006	332
87100	1039	327
87200	1040	310
87300	1057	302
87400	1071	301
87500	1093	287
87600	1103	279
87700	1124	274
87800	1139	270
87900	1161	259
88000	1163	251
88100	1209	247
88200	1239	236
88300	1255	238
88400	1274	233
88500	1289	237
88600	1323	246
88700	1308	250
88800	1327	256
88900	1340	260
89000	1353	263
89100	1369	281
89200	1396	272
89300	1383	291
89400	1387	291
89500	1401	305
89600	1407	313
89700	1409	331
89800	1399	331
89900	1396	344
90000	1371	350
90100	1352	354
90200	1352	353
90300	1345	350
90400	1359	368
90500	1326	393
90600	1318	406
90700	1284	413
90800	1272	423
90900	1243	439
91000	1210	447
91100	1176	449
91200	1172	434
91300	1148	443
91400	1135	431
91500	1136	428
91600	1147	413
91700	1133	397
91800	1122	387
91900	1125	368
92000	1129	357
92100	1148	346
92200	1147	337
92300	1156	338
92400	1169	324
92500	1177	318
92600	1168	316
92700	1173	312
92800	1182	311
92900	1180	313
93000	1184	312
93100	1171	325
93200	1171	334
93300	1163	341
93400	1181	344
93500	1180	354
93600	1162	364
93700	1171	358
93800	1183	360
93900	1181	368
94000	1154	367
94100	1168	346
94200	1179	341
94300	1180	341
94400	1197	331
94500	1218	316
94600	1237	325
94700	1232	329
94800	1219	327
94900	1222	330
95000	1209	334
95100	1204	340
95200	1191	350
95300	1196	351
95400	1184	343
95500	1195	347
95600	1211	337
95700	1219	339
95800	1205	334
95900	1197	339
96000	1183	350
96100	1178	342
96200	1213	334
96300	1218	331
96400	1224	332
96500	1236	329
96600	1244	310
96700	1232	315
96800	1215	322
96900	1221	321
97000	1236	311
97100	1227	313
97200	1213	317
97300	1227	311
97400	1235	311
97500	1230	319
97600	1226	314
97700	1205	338
97800	1213	340
97900	1202	345
98000	1177	349
98100	1160	362
98200	1165	358
98300	1151	358
98400	1154	351
98500	1167	356
98600	1174	359
98700	1182	344
98800	1171	345
98900	1182	340
99000	1185	330
99100	1208	318
99200	1243	311
99300	1241	312
99400	1250	300
99500	1245	302
99600	1267	284
99700	1259	284
99800	1273	278
99900	1273	271
100000	1276	272
100100	1301	267
100200	1332	265
100300	1352	270
100400	1367	266
100500	1371	265
100600	1393	265
