Time	Food	Creatures
100	294	50
200	290	50
300	285	55
400	289	56
500	287	58
600	286	42
700	291	43
800	293	44
900	288	47
1000	292	47
1100	291	38
1200	295	37
1300	293	40
1400	301	41
1500	303	44
1600	301	44
1700	295	42
1800	302	44
1900	295	47
2000	302	48
2100	300	51
2200	297	50
2300	300	48
2400	294	47
2500	293	48
2600	297	48
2700	299	46
2800	305	42
2900	310	42
3000	314	39
3100	323	40
3200	327	40
3300	342	37
3400	348	38
3500	347	37
3600	357	33
3700	364	32
3800	368	31
3900	367	31
4000	370	30
4100	372	29
4200	378	27
4300	377	26
4400	378	27
4500	375	30
4600	383	34
4700	371	34
4800	370	39
4900	373	43
5000	373	44
5100	376	46
5200	378	46
5300	384	48
5400	389	49
5500	390	49
5600	390	45
5700	390	43
5800	393	41
5900	396	43
6000	395	45
6100	393	45
6200	397	47
6300	396	50
6400	386	52
6500	389	53
6600	388	55
6700	388	56
6800	388	54
6900	384	54
7000	376	58
7100	383	59
7200	379	60
7300	380	59
7400	377	63
7500	363	63
7600	357	62
7700	352	63
7800	348	62
7900	344	67
8000	336	71
8100	324	70
8200	313	77
8300	293	84
8400	285	89
8500	283	87
8600	270	89
8700	267	89
8800	255	90
8900	257	92
9000	258	87
9100	256	84
9200	257	80
9300	252	80
9400	258	77
9500	256	76
9600	253	70
9700	249	71
9800	243	73
9900	248	71
10000	250	67
10100	251	65
10200	254	66
10300	256	65
10400	258	58
10500	260	56
10600	262	55
10700	265	53
10800	264	54
10900	274	53
11000	276	52
11100	284	50
11200	285	49
11300	280	44
11400	280	39
11500	290	40
11600	302	39
11700	303	41
11800	296	44
11900	298	43
12000	306	43
12100	307	41
12200	304	44
12300	299	48
12400	305	49
12500	302	50
12600	301	50
12700	304	54
12800	311	53
12900	313	53
13000	310	56
13100	307	56
13200	311	57
13300	308	59
13400	308	59
13500	306	58
13600	312	55
13700	314	57
13800	310	56
13900	312	55
14000	328	50
14100	334	49
14200	330	51
14300	329	51
14400	328	54
14500	327	57
14600	328	60
14700	329	63
14800	322	63
14900	313	64
15000	306	66
15100	305	67
15200	312	63
15300	315	62
15400	310	61
15500	310	57
15600	308	60
15700	310	52
15800	310	56
15900	305	59
16000	300	63
16100	294	66
16200	294	67
16300	294	69
16400	297	69
16500	302	66
16600	300	66
16700	288	66
16800	291	66
16900	286	64
17000	286	63
17100	288	61
17200	288	65
17300	289	63
17400	287	63
17500	287	61
17600	287	60
17700	288	57
17800	297	59
17900	299	58
18000	292	56
18100	290	52
18200	291	54
18300	294	54
18400	293	55
18500	293	55
18600	295	53
18700	296	52
18800	295	52
18900	285	51
19000	288	51
19100	291	47
19200	300	45
19300	297	48
19400	300	51
19500	299	48
19600	296	49
19700	295	50
19800	296	51
19900	300	52
20000	294	53
20100	298	52
20200	304	51
20300	303	51
20400	308	50
20500	313	48
20600	322	46
20700	324	47
20800	322	47
20900	325	48
21000	328	50
21100	328	50
21200	326	51
21300	323	51
21400	322	50
21500	318	50
21600	317	51
21700	313	51
21800	313	51
21900	314	51
22000	320	52
22100	316	55
22200	317	56
22300	330	54
22400	328	51
22500	325	53
22600	324	53
22700	325	54
22800	317	60
22900	314	61
23000	312	64
23100	310	62
23200	312	66
23300	317	64
23400	309	68
23500	305	68
23600	296	69
23700	293	72
23800	287	72
23900	280	73
24000	277	74
24100	291	74
24200	298	75
24300	298	71
24400	295	67
24500	293	60
24600	297	58
24700	304	59
24800	304	55
24900	296	56
25000	301	56
25100	311	54
25200	312	55
25300	311	51
25400	310	49
25500	313	48
25600	316	49
25700	323	46
25800	324	47
25900	323	49
26000	321	48
26100	328	47
26200	327	48
26300	322	49
26400	332	49
26500	333	49
26600	335	51
26700	327	54
26800	315	62
26900	316	62
27000	315	59
27100	318	60
27200	317	61
27300	307	64
27400	309	63
27500	299	63
27600	296	65
27700	296	61
27800	297	63
27900	296	67
28000	301	63
28100	284	67
28200	283	65
28300	269	65
28400	263	69
28500	256	72
28600	253	76
28700	255	77
28800	250	81
28900	262	80
29000	252	80
29100	249	81
29200	244	81
29300	234	79
29400	238	79
29500	223	78
29600	218	79
29700	215	81
29800	217	78
29900	216	78
30000	206	74
30100	214	64
30200	210	64
30300	219	64
30400	217	65
30500	220	62
30600	225	54
30700	214	54
30800	213	50
30900	215	48
31000	221	48
31100	225	46
31200	234	45
31300	244	43
31400	243	41
31500	251	41
31600	254	34
31700	259	30
31800	262	27
31900	272	26
32000	284	24
32100	287	23
32200	302	22
32300	302	23
32400	309	24
32500	314	22
32600	322	22
32700	325	20
32800	332	20
32900	338	18
33000	339	21
33100	350	20
33200	359	19
33300	374	19
33400	380	19
33500	388	19
33600	391	21
33700	398	20
33800	402	20
33900	407	20
34000	415	23
34100	421	25
34200	425	24
34300	427	25
34400	425	29
34500	427	32
34600	433	31
34700	433	32
34800	435	33
34900	440	34
35000	457	35
35100	459	37
35200	452	41
35300	445	42
35400	443	46
35500	444	48
35600	442	47
35700	442	50
35800	440	57
35900	423	60
36000	411	66
36100	397	72
36200	398	74
36300	389	77
36400	383	81
36500	361	90
36600	350	89
36700	341	90
36800	337	91
36900	328	93
37000	323	94
37100	321	94
37200	311	97
37300	305	100
37400	310	98
37500	308	98
37600	297	100
37700	284	98
37800	284	99
37900	283	102
38000	278	94
38100	272	93
38200	266	87
38300	253	84
38400	249	82
38500	242	73
38600	234	70
38700	231	68
38800	236	70
38900	241	69
39000	241	69
39100	242	68
39200	246	66
39300	252	66
39400	252	64
39500	258	61
39600	258	61
39700	256	56
39800	261	54
39900	260	50
40000	260	49
40100	250	51
40200	259	48
40300	252	47
40400	258	47
40500	266	48
40600	264	46
40700	265	45
40800	274	43
40900	279	43
41000	279	42
41100	283	41
41200	284	38
41300	289	36
41400	294	36
41500	290	37
41600	294	34
41700	297	31
41800	304	32
41900	313	30
42000	315	30
42100	319	30
42200	323	28
42300	328	27
42400	338	28
42500	340	28
42600	342	30
42700	347	29
42800	348	27
42900	345	30
43000	343	33
43100	340	35
43200	336	38
43300	343	40
43400	350	38
43500	352	41
43600	356	42
43700	354	46
43800	350	46
43900	357	46
44000	360	46
44100	350	50
44200	352	51
44300	355	49
44400	349	54
44500	351	53
44600	346	54
44700	348	56
44800	345	59
44900	350	61
45000	347	61
45100	348	61
45200	350	59
45300	344	64
45400	344	64
45500	343	64
45600	333	67
45700	336	62
45800	330	62
45900	320	64
46000	317	69
46100	324	68
46200	324	73
46300	317	75
46400	304	75
46500	308	73
46600	304	74
46700	303	75
46800	308	76
46900	306	72
47000	300	72
47100	291	74
47200	281	74
47300	274	73
47400	272	78
47500	271	79
47600	272	79
47700	267	77
47800	261	76
47900	268	79
48000	264	76
48100	271	71
48200	270	69
48300	256	72
48400	251	75
48500	258	68
48600	254	67
48700	256	67
48800	259	69
48900	261	69
49000	264	66
49100	269	63
49200	268	60
49300	268	55
49400	268	54
49500	264	50
49600	263	50
49700	266	47
49800	264	47
49900	271	46
50000	276	45
50100	282	44
50200	283	44
50300	287	44
50400	292	42
50500	296	43
50600	306	42
50700	306	42
50800	303	43
50900	302	41
51000	305	40
51100	312	39
51200	316	42
51300	322	43
51400	319	42
51500	314	41
51600	319	42
51700	318	43
51800	320	45
51900	316	47
52000	318	48
52100	317	46
52200	324	48
52300	329	47
52400	332	47
52500	334	44
52600	337	46
52700	336	47
52800	334	47
52900	335	52
53000	328	51
53100	326	50
53200	317	53
53300	320	55
53400	318	56
53500	324	59
53600	317	61
53700	318	67
53800	318	65
53900	312	68
54000	308	68
54100	306	69
54200	304	70
54300	305	72
54400	289	78
54500	286	77
54600	278	78
54700	267	77
54800	271	81
54900	264	80
55000	259	84
55100	250	86
55200	236	88
55300	235	85
55400	229	86
55500	226	83
55600	217	78
55700	222	74
55800	224	75
55900	229	71
56000	237	70
56100	240	71
56200	243	71
56300	243	67
56400	247	61
56500	247	59
56600	252	53
56700	251	50
56800	250	52
56900	249	51
57000	252	53
57100	250	57
57200	255	55
57300	251	51
57400	249	52
57500	245	52
57600	247	52
57700	251	52
57800	256	50
57900	258	49
58000	261	49
58100	258	48
58200	259	48
58300	265	46
58400	260	44
58500	263	46
58600	262	44
58700	272	40
58800	272	41
58900	288	39
59000	282	39
59100	287	38
59200	290	38
59300	294	38
59400	299	37
59500	306	36
59600	304	34
59700	317	34
59800	316	35
59900	323	38
60000	326	38
60100	324	39
60200	333	39
60300	347	39
60400	347	39
60500	352	38
60600	355	40
60700	357	40
60800	366	38
60900	377	37
61000	374	38
61100	370	38
61200	372	39
61300	372	40
61400	373	42
61500	377	39
61600	372	42
61700	377	41
61800	379	41
61900	379	39
62000	389	39
62100	389	42
62200	392	44
62300	394	44
62400	395	47
62500	385	50
62600	386	52
62700	385	54
62800	393	54
62900	386	57
63000	385	56
63100	375	57
63200	375	57
63300	370	63
63400	361	65
63500	359	67
63600	354	70
63700	355	70
63800	343	75
63900	335	79
64000	325	86
64100	319	87
64200	316	92
64300	307	92
64400	303	94
64500	291	93
64600	286	93
64700	276	90
64800	277	88
64900	284	87
65000	280	86
65100	275	83
65200	270	86
65300	263	82
65400	271	81
65500	271	77
65600	272	75
65700	267	71
65800	270	65
65900	271	66
66000	270	65
66100	267	63
66200	269	62
66300	280	60
66400	285	55
66500	293	52
66600	300	51
66700	302	47
66800	305	48
66900	304	46
67000	308	46
67100	308	46
67200	311	49
67300	310	48
67400	310	42
67500	310	45
67600	323	43
67700	319	43
67800	323	46
67900	316	49
68000	313	49
68100	313	51
68200	308	51
68300	308	50
68400	309	51
68500	303	51
68600	303	51
68700	306	53
68800	307	54
68900	308	54
69000	307	52
69100	307	54
69200	306	53
69300	317	53
69400	324	54
69500	318	56
69600	318	56
69700	316	57
69800	313	59
69900	311	61
70000	309	62
70100	310	62
70200	312	64
70300	313	63
70400	308	64
70500	309	66
70600	305	67
70700	306	65
70800	300	63
70900	293	60
71000	285	63
71100	279	65
71200	273	65
71300	278	63
71400	283	61
71500	281	62
71600	281	63
71700	288	64
71800	283	66
71900	283	69
72000	276	70
72100	281	71
72200	281	71
72300	283	67
72400	279	68
72500	275	63
72600	273	58
72700	277	57
72800	284	56
72900	283	58
73000	281	59
73100	294	59
73200	297	55
73300	298	51
73400	297	52
73500	304	48
73600	305	49
73700	308	50
73800	306	46
73900	311	45
74000	310	42
74100	320	43
74200	323	44
74300	327	42
74400	336	41
74500	328	42
74600	334	44
74700	334	47
74800	331	47
74900	340	47
75000	341	47
75100	341	48
75200	340	47
75300	338	44
75400	348	43
75500	349	40
75600	355	42
75700	354	41
75800	363	42
75900	360	46
76000	359	51
76100	355	51
76200	354	51
76300	353	53
76400	343	57
76500	342	57
76600	339	58
76700	332	59
76800	330	61
76900	327	63
77000	321	62
77100	315	63
77200	316	63
77300	321	64
77400	317	62
77500	308	61
77600	308	61
77700	310	65
77800	307	66
77900	306	66
78000	305	67
78100	303	66
78200	294	64
78300	289	62
78400	285	69
78500	281	70
78600	281	71
78700	270	70
78800	266	72
78900	259	74
79000	262	73
79100	256	73
79200	251	69
79300	249	68
79400	245	69
79500	245	68
79600	244	66
79700	248	66
79800	246	70
79900	251	68
80000	254	68
80100	265	67
80200	265	65
80300	264	60
80400	272	59
80500	272	56
80600	277	55
80700	274	49
80800	283	49
80900	289	46
81000	294	43
81100	289	45
81200	296	42
81300	293	43
81400	297	43
81500	293	42
81600	294	44
81700	295	46
81800	296	46
81900	293	45
82000	298	45
82100	287	49
82200	286	53
82300	291	54
82400	293	56
82500	300	52
82600	308	50
82700	304	49
82800	307	49
82900	314	49
83000	323	48
83100	320	45
83200	320	43
83300	321	40
83400	334	41
83500	339	41
83600	345	38
83700	353	37
83800	357	37
83900	365	37
84000	365	35
84100	361	38
84200	361	39
84300	370	41
84400	377	43
84500	375	41
84600	371	42
84700	380	42
84800	377	43
84900	383	44
85000	378	44
85100	384	44
85200	376	41
85300	376	43
85400	382	40
85500	386	41
85600	384	42
85700	389	40
85800	393	41
85900	393	42
86000	391	43
86100	388	43
86200	396	45
86300	392	46
86400	392	49
86500	389	52
86600	396	56
86700	390	57
86800	378	60
86900	366	63
87000	367	63
87100	374	65
87200	369	64
87300	369	63
87400	365	66
87500	358	69
87600	351	73
87700	348	76
87800	345	75
87900	339	72
88000	335	73
88100	331	71
88200	327	76
88300	321	73
88400	313	75
88500	306	74
88600	301	76
88700	292	82
88800	288	83
88900	290	81
89000	292	80
89100	295	78
89200	294	78
89300	292	76
89400	286	77
89500	282	70
89600	276	67
89700	280	65
89800	283	63
89900	282	61
90000	284	59
90100	277	59
90200	272	62
90300	278	60
90400	275	62
90500	272	63
90600	278	64
90700	282	66
90800	281	63
90900	277	60
91000	289	54
91100	288	52
91200	291	54
91300	293	53
91400	294	55
91500	303	56
91600	313	55
91700	318	52
91800	309	52
91900	307	52
92000	310	53
92100	316	55
92200	310	56
92300	313	56
92400	312	59
92500	313	60
92600	313	59
92700	313	57
92800	306	57
92900	304	56
93000	304	55
93100	308	55
93200	307	54
93300	314	56
93400	317	59
93500	314	57
93600	310	59
93700	308	58
93800	311	58
93900	311	59
94000	302	58
94100	309	57
94200	304	56
94300	300	57
94400	302	60
94500	295	61
94600	289	65
94700	298	59
94800	301	60
94900	298	61
95000	300	63
95100	297	62
95200	296	65
95300	294	66
95400	282	67
95500	271	67
95600	279	69
95700	279	67
95800	277	69
95900	273	68
96000	280	64
96100	277	64
96200	276	62
96300	274	60
96400	278	60
96500	272	60
96600	272	62
96700	273	62
96800	274	61
96900	274	57
97000	278	57
97100	277	55
97200	274	56
97300	278	53
97400	272	53
97500	266	56
97600	273	56
97700	273	55
97800	266	55
97900	264	55
98000	268	53
98100	277	54
98200	279	52
98300	276	53
98400	284	50
98500	283	47
98600	283	44
98700	286	43
98800	286	45
98900	292	42
99000	296	46
99100	302	47
99200	309	48
99300	314	46
99400	313	46
99500	315	48
99600	312	48
99700	311	48
99800	309	49
99900	313	48
100000	310	48
100100	309	50
100200	309	52
100300	311	57
100400	309	56
100500	304	56
100600	300	55
100700	290	59
100800	290	58
100900	276	60
101000	284	64
101100	289	64
101200	285	63
101300	283	66
101400	285	67
101500	279	67
101600	269	68
101700	267	67
101800	268	66
101900	266	67
102000	265	65
102100	262	63
102200	264	63
102300	265	62
102400	272	63
102500	275	64
102600	269	62
102700	266	60
102800	267	60
102900	265	59
103000	265	57
103100	265	57
103200	268	53
103300	265	54
103400	263	55
103500	267	51
103600	268	53
103700	262	55
103800	262	56
103900	271	55
104000	270	54
104100	267	54
104200	268	55
104300	269	57
104400	274	60
104500	281	64
104600	281	64
104700	284	59
104800	280	58
104900	282	58
105000	286	57
105100	291	54
105200	287	52
105300	283	53
105400	288	53
105500	279	55
105600	276	53
105700	286	53
105800	293	51
105900	305	51
106000	305	52
106100	303	52
106200	308	48
106300	307	48
106400	309	47
106500	316	49
106600	308	51
106700	314	48
106800	316	47
106900	317	46
107000	325	47
107100	322	46
107200	324	44
107300	329	47
107400	324	46
107500	322	48
107600	315	51
107700	319	49
107800	317	51
107900	321	51
108000	325	52
108100	321	57
108200	321	56
108300	322	58
108400	317	58
108500	309	60
108600	304	62
108700	301	64
108800	292	66
108900	288	67
109000	290	65
109100	285	62
109200	288	61
109300	288	61
109400	286	62
109500	292	62
109600	291	63
109700	289	61
109800	289	60
109900	294	57
110000	292	56
110100	290	56
110200	290	56
110300	295	53
110400	292	53
110500	301	51
110600	306	50
110700	307	53
110800	306	50
110900	296	52
111000	284	54
111100	279	60
111200	278	60
111300	266	62
111400	274	63
111500	271	64
111600	268	65
111700	261	64
111800	259	67
111900	260	65
112000	253	66
112100	243	66
112200	233	65
112300	237	64
112400	232	67
112500	220	65
112600	224	63
112700	235	63
112800	231	63
112900	236	61
113000	239	59
113100	238	60
113200	246	57
113300	240	57
113400	246	57
113500	244	57
113600	245	56
113700	248	52
113800	251	50
113900	251	48
114000	258	48
114100	264	49
114200	270	46
114300	281	44
114400	282	44
114500	283	43
114600	287	44
114700	284	47
114800	291	47
114900	290	47
115000	289	44
115100	296	47
115200	310	47
115300	305	48
115400	309	48
115500	302	45
115600	299	46
115700	302	46
115800	309	45
115900	313	48
116000	321	48
116100	316	48
116200	324	50
116300	326	49
116400	326	51
116500	328	50
116600	326	53
116700	330	53
116800	329	51
116900	332	48
117000	333	52
117100	325	49
117200	314	53
117300	320	56
117400	321	56
117500	320	55
117600	321	56
117700	313	61
117800	318	59
117900	314	61
118000	303	64
118100	303	64
118200	296	65
118300	297	65
118400	296	67
118500	291	69
118600	285	70
118700	289	70
118800	290	68
118900	286	65
119000	284	64
119100	282	64
119200	282	64
119300	283	62
119400	276	62
119500	276	65
119600	287	65
119700	280	67
119800	274	68
119900	270	67
120000	273	61
120100	274	62
120200	275	59
120300	275	59
120400	268	60
120500	267	58
120600	268	53
120700	265	50
120800	277	51
120900	281	50
121000	285	48
121100	289	49
121200	285	47
121300	273	51
121400	279	52
121500	284	49
121600	287	48
121700	289	47
121800	294	45
121900	291	45
122000	295	44
122100	292	46
122200	299	45
122300	303	44
122400	306	47
122500	305	49
122600	301	52
122700	300	53
122800	306	54
122900	306	55
123000	303	58
123100	310	56
123200	309	61
123300	306	61
123400	298	60
123500	297	60
123600	298	60
123700	285	66
123800	279	61
123900	283	59
124000	291	59
124100	291	56
124200	293	57
124300	295	56
124400	304	55
124500	305	56
124600	299	58
124700	296	62
124800	286	61
124900	283	63
125000	278	63
125100	265	65
125200	257	66
125300	255	66
125400	255	67
125500	251	69
125600	254	63
125700	258	62
125800	257	58
125900	257	56
126000	264	55
126100	266	52
126200	265	50
126300	260	49
126400	263	50
126500	263	51
126600	274	50
126700	277	51
126800	284	50
126900	284	53
127000	284	57
127100	278	60
127200	273	61
127300	272	63
127400	274	62
127500	272	65
127600	283	64
127700	277	62
127800	278	62
127900	284	56
128000	283	54
128100	278	56
128200	288	53
128300	279	53
128400	280	52
128500	282	49
128600	294	46
128700	297	49
128800	297	50
128900	298	50
129000	298	50
129100	302	50
129200	306	51
129300	303	54
129400	305	55
129500	303	53
129600	307	52
129700	302	48
129800	307	46
129900	308	49
130000	299	50
130100	298	51
130200	295	51
130300	297	53
130400	301	55
130500	300	55
130600	304	51
130700	304	48
130800	312	47
130900	310	49
131000	310	54
131100	299	54
131200	299	52
131300	303	51
131400	294	54
131500	293	56
