Time	Food	Creatures
100	619	50
200	629	53
300	640	55
400	638	56
500	633	62
600	641	58
700	642	63
800	644	58
900	664	59
1000	679	61
1100	678	54
1200	674	56
1300	671	57
1400	667	59
1500	672	58
1600	659	58
1700	658	58
1800	651	64
1900	653	67
2000	650	69
2100	651	75
2200	652	75
2300	659	75
2400	650	79
2500	654	74
2600	653	77
2700	627	81
2800	619	82
2900	610	80
3000	602	82
3100	593	83
3200	576	82
3300	561	84
3400	546	89
3500	550	85
3600	545	87
3700	538	82
3800	531	80
3900	527	79
4000	531	76
4100	531	74
4200	527	72
4300	512	74
4400	497	75
4500	493	73
4600	494	74
4700	492	71
4800	481	68
4900	474	71
5000	472	74
5100	469	75
5200	462	73
5300	459	68
5400	459	65
5500	466	61
5600	487	59
5700	493	56
5800	507	54
5900	507	51
6000	509	49
6100	524	48
6200	530	44
6300	547	43
6400	562	43
6500	568	42
6600	569	42
6700	577	44
6800	593	42
6900	590	39
7000	615	34
7100	631	33
7200	641	34
7300	669	31
7400	685	30
7500	693	30
7600	689	35
7700	700	37
7800	699	35
7900	714	35
8000	722	38
8100	724	41
8200	725	44
8300	723	47
8400	733	48
8500	734	49
8600	729	50
8700	737	52
8800	746	46
8900	741	51
9000	742	53
9100	739	58
9200	735	58
9300	728	58
9400	729	66
9500	715	68
9600	702	75
9700	694	77
9800	685	79
9900	673	77
10000	663	80
10100	658	80
10200	656	80
10300	645	84
10400	628	88
10500	605	92
10600	591	90
10700	585	92
10800	579	93
10900	564	95
11000	551	93
11100	533	93
11200	531	93
11300	530	87
11400	529	83
11500	521	80
11600	506	73
11700	511	72
11800	509	68
11900	512	64
12000	524	60
12100	530	57
12200	534	55
12300	540	56
12400	559	50
12500	556	52
12600	560	56
12700	566	56
12800	572	56
12900	578	56
13000	585	55
13100	588	57
13200	584	56
13300	585	57
13400	585	58
13500	595	60
13600	592	60
13700	594	58
13800	596	63
13900	597	64
14000	594	63
14100	587	64
14200	569	66
14300	575	66
14400	577	67
14500	579	70
14600	584	68
14700	590	63
14800	597	60
14900	598	58
15000	588	57
15100	598	52
15200	610	49
15300	620	47
15400	622	47
15500	623	47
15600	629	50
15700	636	48
15800	640	49
15900	643	52
16000	661	54
16100	660	57
16200	668	56
16300	678	55
16400	664	61
16500	655	63
16600	649	60
16700	651	61
16800	657	64
16900	654	62
17000	662	64
17100	674	64
17200	670	66
17300	663	65
17400	650	67
17500	639	65
17600	643	68
17700	626	71
17800	625	69
17900	625	68
18000	620	66
18100	622	70
18200	626	67
18300	635	70
18400	612	75
18500	600	76
18600	582	80
18700	566	82
18800	559	85
18900	558	86
19000	548	85
19100	549	85
19200	538	81
19300	536	78
19400	546	75
19500	540	73
19600	542	71
19700	553	70
19800	556	63
19900	567	57
20000	575	54
20100	582	54
20200	590	50
20300	608	47
20400	614	44
20500	638	37
20600	642	34
20700	658	33
20800	669	33
20900	681	33
21000	695	34
21100	703	28
21200	724	29
21300	706	35
21400	718	39
21500	735	40
21600	728	46
21700	728	50
21800	732	54
21900	732	56
22000	726	64
22100	716	67
22200	708	70
22300	695	71
22400	669	78
22500	671	84
22600	666	85
22700	638	96
22800	616	97
22900	589	102
23000	569	105
23100	560	103
23200	555	104
23300	538	104
23400	525	100
23500	525	94
23600	515	94
23700	515	94
23800	501	93
23900	504	89
24000	506	85
24100	515	79
24200	519	74
24300	524	71
24400	536	64
24500	539	57
24600	541	55
24700	540	55
24800	546	54
24900	549	57
25000	557	57
25100	559	55
25200	555	55
25300	562	55
25400	563	55
25500	561	53
25600	574	55
25700	588	54
25800	595	56
25900	593	52
26000	592	49
26100	602	48
26200	608	46
26300	612	47
26400	613	49
26500	629	46
26600	634	47
26700	633	50
26800	627	53
26900	630	51
27000	638	53
27100	635	57
27200	628	59
27300	620	60
27400	615	59
27500	620	63
27600	605	64
27700	597	67
27800	584	70
27900	580	71
28000	584	69
28100	599	66
28200	595	65
28300	593	60
28400	600	60
28500	607	56
28600	610	55
28700	610	55
28800	623	55
28900	630	55
29000	620	57
29100	617	58
29200	617	61
29300	605	61
29400	598	62
29500	603	59
29600	607	58
29700	604	59
29800	607	56
29900	600	61
30000	591	63
30100	591	60
30200	593	56
30300	596	55
30400	598	57
30500	604	52
30600	613	56
30700	618	53
30800	620	55
30900	623	58
31000	631	55
31100	629	57
31200	624	57
31300	625	59
31400	624	56
31500	623	57
31600	615	60
31700	626	58
31800	642	59
31900	641	58
32000	639	57
32100	633	60
32200	626	61
32300	627	62
32400	630	65
32500	623	68
32600	610	70
32700	606	72
32800	600	72
32900	608	71
33000	617	70
33100	617	64
33200	609	64
33300	626	64
33400	628	66
33500	628	69
33600	609	70
33700	606	67
33800	612	65
33900	598	69
34000	592	70
34100	591	71
34200	594	69
34300	609	73
34400	604	69
34500	591	70
34600	591	72
34700	570	73
34800	565	76
34900	566	77
35000	549	81
35100	558	78
35200	557	79
35300	552	79
35400	554	80
35500	543	77
35600	550	76
35700	547	73
35800	544	70
35900	555	68
36000	555	69
36100	545	71
36200	549	69
36300	556	65
36400	570	60
36500	571	60
36600	581	56
36700	575	53
36800	585	52
36900	606	52
37000	608	53
37100	611	47
37200	624	46
37300	632	45
37400	647	44
37500	654	46
37600	650	44
37700	665	45
37800	663	46
37900	664	48
38000	682	45
38100	673	48
38200	673	48
38300	674	50
38400	674	48
38500	657	54
38600	654	57
38700	654	59
38800	644	60
38900	646	61
39000	635	64
39100	627	66
39200	615	69
39300	627	72
39400	624	72
39500	617	72
39600	613	75
39700	610	77
39800	601	74
39900	607	74
40000	594	73
40100	596	76
40200	602	72
40300	613	67
40400	616	67
40500	614	68
40600	612	67
40700	606	66
40800	601	64
40900	594	64
41000	592	65
41100	582	67
41200	573	68
41300	567	70
41400	564	70
41500	564	67
41600	555	69
41700	556	68
41800	538	70
41900	518	68
42000	519	69
42100	507	67
42200	505	70
42300	515	71
42400	516	66
42500	514	65
42600	522	61
42700	534	59
42800	541	52
42900	549	51
43000	548	51
43100	563	49
43200	560	45
43300	554	44
43400	560	45
43500	577	44
43600	583	42
43700	596	41
43800	600	41
43900	608	41
44000	602	43
44100	608	44
44200	605	44
44300	627	43
44400	639	42
44500	638	46
44600	636	48
44700	641	52
44800	651	54
44900	647	55
45000	647	62
45100	654	61
45200	645	57
45300	645	57
45400	640	60
45500	636	63
45600	643	61
45700	631	66
45800	620	69
45900	616	71
46000	625	73
46100	619	74
46200	612	75
46300	613	77
46400	603	76
46500	600	74
46600	605	72
46700	612	74
46800	593	76
46900	591	77
47000	589	74
47100	573	74
47200	563	71
47300	566	70
47400	560	69
47500	550	70
47600	553	69
47700	542	71
47800	535	74
47900	534	70
48000	531	65
48100	528	66
48200	534	65
48300	530	58
48400	539	55
48500	543	52
48600	546	54
48700	551	50
48800	551	49
48900	552	51
49000	554	51
49100	556	51
49200	556	52
49300	562	47
49400	566	48
49500	567	47
49600	581	49
49700	581	54
49800	582	54
49900	588	53
50000	595	52
50100	599	53
50200	593	50
50300	589	53
50400	590	53
50500	603	53
50600	592	54
50700	601	51
50800	615	51
50900	614	52
51000	617	52
51100	613	56
51200	619	53
51300	634	55
51400	624	52
51500	625	54
51600	628	51
51700	631	55
51800	632	57
51900	624	61
52000	626	60
52100	630	60
52200	635	61
52300	636	62
52400	631	63
52500	621	64
52600	624	65
52700	632	66
52800	634	67
52900	634	64
53000	634	60
53100	646	58
53200	655	59
53300	650	59
53400	652	61
53500	657	62
53600	656	62
53700	656	60
53800	655	60
53900	651	61
54000	654	60
54100	662	60
54200	664	61
54300	662	57
54400	659	59
54500	663	60
54600	650	58
54700	646	57
54800	649	59
54900	639	61
55000	637	63
55100	633	65
55200	624	68
55300	634	66
55400	635	68
55500	641	65
55600	649	70
55700	638	67
55800	648	67
55900	636	71
56000	620	71
56100	611	70
56200	595	72
56300	586	71
56400	590	70
56500	596	72
56600	602	69
56700	594	71
56800	578	73
56900	578	73
57000	586	74
57100	583	73
57200	582	70
57300	574	72
57400	553	70
57500	552	78
57600	547	73
57700	553	73
57800	549	70
57900	552	71
58000	549	71
58100	546	70
58200	544	68
58300	542	66
58400	544	65
58500	555	60
58600	563	54
58700	554	52
58800	574	51
58900	574	55
59000	583	53
59100	608	50
59200	625	49
59300	636	45
59400	643	45
59500	643	42
59600	647	38
59700	674	36
59800	676	36
59900	686	36
60000	687	35
60100	704	36
60200	723	36
60300	736	35
60400	743	39
60500	746	40
60600	759	43
60700	777	42
60800	793	44
60900	790	43
61000	785	46
61100	801	43
61200	802	43
61300	806	45
61400	807	46
61500	808	43
61600	817	45
61700	825	45
61800	829	47
61900	820	54
62000	820	55
62100	804	63
62200	779	74
62300	763	81
62400	737	84
62500	711	98
62600	694	102
62700	672	107
62800	648	110
62900	632	112
63000	624	112
63100	596	110
63200	571	112
63300	552	106
63400	528	111
63500	530	107
63600	509	104
63700	501	105
63800	504	105
63900	491	108
64000	479	105
64100	472	103
64200	471	101
64300	480	89
64400	477	81
64500	485	76
64600	490	69
64700	493	62
64800	514	55
64900	524	53
65000	535	48
65100	545	43
65200	555	36
65300	562	35
65400	588	35
65500	610	36
65600	620	36
65700	631	36
65800	650	35
65900	656	34
66000	673	32
66100	686	31
66200	696	28
66300	713	30
66400	733	33
66500	745	35
66600	757	35
66700	762	34
66800	766	37
66900	771	39
67000	769	41
67100	782	41
67200	781	39
67300	776	42
67400	783	46
67500	802	46
67600	792	47
67700	796	50
67800	789	52
67900	794	53
68000	796	54
68100	807	52
68200	810	57
68300	805	61
68400	809	62
68500	810	64
68600	804	68
68700	796	71
68800	786	73
68900	777	75
69000	761	80
69100	729	82
69200	722	89
69300	694	88
69400	671	96
69500	666	100
69600	632	103
69700	620	105
69800	597	108
69900	567	110
70000	535	113
70100	515	115
70200	514	111
70300	506	113
70400	493	112
70500	483	109
70600	483	105
70700	483	98
70800	481	96
70900	472	87
71000	461	76
71100	462	74
71200	475	67
71300	468	64
71400	457	65
71500	464	61
71600	469	61
71700	479	56
71800	488	55
71900	495	50
72000	504	47
72100	513	45
72200	529	44
72300	549	44
72400	557	42
72500	567	38
72600	579	40
72700	588	39
72800	602	41
72900	610	40
73000	628	38
73100	638	37
73200	645	37
73300	653	37
73400	671	34
73500	679	33
73600	694	33
73700	695	36
73800	708	37
73900	711	38
74000	719	42
74100	722	42
74200	716	45
74300	724	45
74400	745	44
74500	741	48
74600	737	52
74700	736	55
74800	750	57
74900	738	61
75000	716	70
75100	704	71
75200	686	71
75300	670	79
75400	652	83
75500	649	86
75600	645	88
75700	628	94
75800	612	95
75900	592	96
76000	583	99
76100	583	100
76200	584	98
76300	574	95
76400	574	93
76500	566	89
76600	556	87
76700	552	87
76800	561	87
76900	548	84
77000	542	81
77100	552	79
77200	553	74
77300	562	68
77400	563	61
77500	568	63
77600	568	62
77700	580	63
77800	594	60
77900	596	59
78000	596	57
78100	611	57
78200	604	58
78300	603	59
78400	601	60
78500	594	64
78600	590	66
78700	590	68
78800	595	73
78900	581	77
79000	566	79
79100	562	76
79200	556	72
79300	551	73
79400	553	69
79500	549	66
79600	545	64
79700	548	63
79800	555	57
79900	555	58
80000	554	55
80100	557	55
80200	564	57
80300	578	54
80400	588	48
80500	592	53
80600	602	54
80700	601	56
80800	602	53
80900	615	49
81000	610	50
81100	617	47
81200	627	49
81300	631	47
81400	629	46
81500	644	45
81600	646	47
81700	654	50
81800	667	55
81900	661	56
82000	675	56
82100	680	58
82200	674	62
82300	671	68
82400	668	70
82500	672	73
82600	663	74
82700	660	76
82800	659	76
82900	655	77
83000	638	77
83100	619	84
83200	607	85
83300	616	80
83400	599	80
83500	591	77
83600	572	81
83700	584	79
83800	585	78
83900	584	70
84000	598	68
84100	596	69
84200	588	70
84300	578	70
84400	568	66
84500	569	65
84600	561	63
84700	570	66
84800	561	67
84900	557	63
85000	551	65
85100	544	64
85200	548	65
85300	553	64
85400	553	59
85500	572	58
85600	584	54
85700	575	56
85800	576	54
85900	578	58
86000	590	56
86100	595	56
86200	621	56
86300	611	54
86400	621	51
86500	638	50
86600	641	50
86700	641	50
86800	642	49
86900	661	48
87000	661	47
87100	661	45
87200	656	48
87300	662	49
87400	667	46
87500	659	50
87600	669	51
87700	679	50
87800	695	50
87900	706	46
88000	712	45
88100	720	47
88200	723	48
88300	707	56
88400	684	57
88500	663	64
88600	664	63
88700	661	66
88800	644	71
88900	633	76
89000	624	77
89100	617	76
89200	617	77
89300	594	77
89400	577	77
89500	582	78
89600	566	80
89700	567	85
89800	570	81
89900	549	85
90000	545	82
90100	531	87
90200	530	87
90300	518	87
90400	514	85
90500	513	82
90600	513	84
90700	518	76
90800	526	73
90900	516	72
91000	526	63
91100	523	63
91200	544	60
91300	542	59
91400	547	54
91500	551	51
91600	562	50
91700	571	49
91800	581	44
91900	594	44
92000	603	46
92100	602	43
92200	607	43
92300	613	46
92400	627	45
92500	631	46
92600	641	45
92700	659	43
92800	670	41
92900	689	46
93000	707	45
93100	729	41
93200	737	41
93300	753	39
93400	763	38
93500	769	43
93600	775	44
93700	765	50
93800	772	55
93900	777	55
94000	773	55
94100	765	58
94200	751	65
94300	726	72
94400	730	73
94500	721	76
94600	708	80
94700	697	83
94800	686	82
94900	692	84
95000	680	87
95100	655	89
95200	647	90
95300	626	90
95400	627	89
95500	608	92
95600	602	91
95700	591	94
95800	585	92
95900	571	95
96000	549	98
96100	544	101
96200	538	96
96300	525	95
96400	517	94
96500	498	89
96600	485	94
96700	478	94
96800	477	88
96900	481	81
97000	493	80
97100	479	77
97200	484	76
97300	476	77
97400	481	73
97500	480	78
97600	472	72
97700	467	73
97800	464	70
97900	478	62
98000	488	59
98100	496	54
98200	493	54
98300	505	49
98400	514	47
98500	518	46
98600	527	45
98700	542	41
98800	557	35
98900	573	36
99000	577	34
99100	580	34
99200	592	34
99300	606	32
99400	633	28
99500	645	28
99600	663	28
99700	665	27
99800	673	28
99900	682	29
100000	690	32
100100	702	33
100200	705	34
100300	717	34
100400	727	38
100500	737	40
100600	750	41
100700	753	45
100800	755	46
100900	744	53
101000	745	54