Time	Food	Creatures
100	1181	59
200	1182	65
300	1191	72
400	1175	83
500	1172	89
600	1171	77
700	1163	81
800	1162	79
900	1157	80
1000	1164	73
1100	1160	69
1200	1154	76
1300	1157	75
1400	1155	73
1500	1153	74
1600	1146	75
1700	1143	74
1800	1143	74
1900	1143	69
2000	1142	60
2100	1147	58
2200	1144	58
2300	1150	52
2400	1151	49
2500	1161	46
2600	1161	45
2700	1172	38
2800	1174	39
2900	1177	37
3000	1177	40
3100	1181	39
3200	1184	34
3300	1188	28
3400	1189	31
3500	1186	33
3600	1197	31
3700	1202	31
3800	1219	30
3900	1221	28
4000	1228	27
4100	1235	24
4200	1241	24
4300	1250	22
4400	1258	22
4500	1265	22
4600	1274	19
4700	1284	20
4800	1292	19
4900	1295	19
5000	1303	17
5100	1316	17
5200	1322	19
5300	1332	20
5400	1340	18
5500	1350	16
5600	1350	23
5700	1351	23
5800	1361	22
5900	1365	21
6000	1368	27
6100	1373	30
6200	1379	30
6300	1379	29
6400	1387	31
6500	1391	34
6600	1401	29
6700	1407	26
6800	1412	25
6900	1414	26
7000	1422	22
7100	1426	22
7200	1430	21
7300	1436	19
7400	1441	20
7500	1447	17
7600	1457	14
7700	1463	16
7800	1470	17
7900	1483	16
8000	1495	16
8100	1504	17
8200	1508	17
8300	1518	15
8400	1520	16
8500	1521	19
8600	1534	19
8700	1542	20
8800	1546	21
8900	1555	22
9000	1559	21
9100	1571	18
9200	1583	19
9300	1594	22
9400	1599	16
9500	1618	15
9600	1621	16
9700	1629	18
9800	1628	21
9900	1635	21
10000	1639	25
10100	1644	26
10200	1650	26
10300	1653	29
10400	1650	36
10500	1662	35
10600	1662	37
10700	1659	44
10800	1654	47
10900	1649	44
11000	1648	50
11100	1647	55
11200	1646	57
11300	1640	58
11400	1630	58
11500	1620	68
11600	1615	78
11700	1615	80
11800	1612	76
11900	1602	73
12000	1608	73
12100	1598	70
12200	1589	75
12300	1587	74
12400	1581	75
12500	1585	74
12600	1586	69
12700	1589	60
12800	1586	63
12900	1576	63
13000	1577	59
13100	1582	61
13200	1584	66
13300	1581	69
13400	1573	64
13500	1565	73
13600	1562	73
13700	1567	73
13800	1561	69
13900	1561	66
14000	1558	67
14100	1555	61
14200	1560	61
14300	1558	59
14400	1565	59
14500	1564	59
14600	1570	55
14700	1580	46
14800	1586	46
14900	1591	50
15000	1592	44
15100	1595	44
15200	1593	49
15300	1595	50
15400	1597	49
15500	1592	52
15600	1597	52
15700	1599	46
15800	1600	44
15900	1600	41
16000	1602	48
16100	1595	51
16200	1590	52
16300	1590	55
16400	1589	52
16500	1587	57
16600	1576	61
16700	1568	67
16800	1561	68
16900	1558	66
17000	1558	69
17100	1555	69
17200	1556	66
17300	1549	70
17400	1544	69
17500	1548	66
17600	1545	68
17700	1543	70
17800	1539	68
17900	1545	67
18000	1543	60
18100	1550	58
18200	1548	53
18300	1543	56
18400	1534	56
18500	1526	63
18600	1525	67
18700	1521	67
18800	1518	73
18900	1511	78
19000	1507	79
19100	1497	82
19200	1484	92
19300	1470	93
19400	1460	102
19500	1447	102
19600	1448	104
19700	1433	100
19800	1421	101
19900	1411	101
20000	1399	100
20100	1379	104
20200	1365	110
20300	1347	117
20400	1338	120
20500	1321	118
20600	1309	122
20700	1288	125
20800	1287	108
20900	1289	106
21000	1279	109
21100	1276	110
21200	1265	114
21300	1251	119
21400	1237	113
21500	1231	98
21600	1222	100
21700	1215	101
21800	1204	95
21900	1200	94
22000	1199	92
22100	1194	91
22200	1198	85
22300	1195	81
22400	1202	70
22500	1195	71
22600	1205	63
22700	1217	58
22800	1219	55
22900	1235	49
23000	1225	52
23100	1224	45
23200	1222	46
23300	1223	44
23400	1226	46
23500	1224	50
23600	1226	46
23700	1236	44
23800	1229	45
23900	1227	42
24000	1227	40
24100	1232	38
24200	1241	43
24300	1247	44
24400	1250	41
24500	1255	38
24600	1259	39
24700	1263	43
24800	1260	40
24900	1265	37
25000	1267	39
25100	1270	42
25200	1268	47
25300	1268	46
25400	1272	46
25500	1277	43
25600	1276	46
25700	1278	47
25800	1270	51
25900	1272	55
26000	1279	60
26100	1275	63
26200	1278	61
26300	1285	55
26400	1282	54
26500	1278	53
26600	1284	50
26700	1289	43
26800	1297	44
26900	1309	41
27000	1315	36
27100	1320	30
27200	1333	27
27300	1342	29
27400	1347	25
27500	1361	23
27600	1372	21
27700	1375	21
27800	1388	18
27900	1398	18
28000	1407	17
28100	1413	15
28200	1422	11
28300	1429	10
28400	1437	9
28500	1440	10
28600	1456	11
28700	1468	10
28800	1472	10
28900	1482	9
29000	1488	9
29100	1491	10
29200	1495	11
29300	1500	13
29400	1511	14
29500	1527	14
29600	1536	16
29700	1542	21
29800	1547	24
29900	1548	25
30000	1554	26
30100	1565	28
30200	1576	26
30300	1582	23
30400	1589	20
30500	1603	17
30600	1610	14
30700	1613	14
30800	1614	15
30900	1624	18
31000	1636	19
31100	1639	20
31200	1644	22
31300	1650	25
31400	1658	26
31500	1667	25
31600	1671	22
31700	1676	22
31800	1681	22
31900	1693	23
32000	1706	20
32100	1712	20
32200	1719	17
32300	1727	18
32400	1732	17
32500	1736	16
32600	1747	13
32700	1748	20
32800	1757	21
32900	1762	20
33000	1769	21
33100	1776	21
33200	1781	20
33300	1791	17
33400	1798	17
33500	1805	21
33600	1812	22
33700	1816	23
33800	1823	22
33900	1830	22
34000	1836	21
34100	1839	21
34200	1835	24
34300	1844	26
34400	1852	31
34500	1857	32
34600	1862	35
34700	1857	37
34800	1866	41
34900	1866	46
35000	1872	48
35100	1866	54
35200	1856	61
35300	1858	51
35400	1855	53
35500	1855	55
35600	1852	58
35700	1852	56
35800	1850	57
35900	1853	54
36000	1853	58
36100	1854	55
36200	1862	54
36300	1865	49
36400	1867	53
36500	1868	49
36600	1872	43
36700	1867	48
36800	1873	45
36900	1873	45
37000	1880	44
37100	1877	43
37200	1882	43
37300	1884	48
37400	1889	44
37500	1893	44
37600	1896	46
37700	1893	52
37800	1895	51
37900	1896	48
38000	1898	50
38100	1895	53
38200	1900	51
38300	1897	51
38400	1892	53
38500	1880	62
38600	1883	65
38700	1885	65
38800	1881	67
38900	1875	67
39000	1875	69
39100	1872	67
39200	1865	70
39300	1855	80
39400	1842	87
39500	1833	90
39600	1826	90
39700	1814	98
39800	1809	92
39900	1805	88
40000	1787	98
40100	1781	101
40200	1769	111
40300	1763	107
40400	1748	106
40500	1747	104
40600	1730	107
40700	1710	112
40800	1687	122
40900	1685	119
41000	1685	116
41100	1682	105
41200	1686	101
41300	1688	87
41400	1684	84
41500	1683	77
41600	1674	64
41700	1663	65
41800	1661	62
41900	1653	67
42000	1653	63
42100	1656	63
42200	1659	62
42300	1662	62
42400	1655	61
42500	1656	61
42600	1651	62
42700	1646	63
42800	1628	80
42900	1608	90
43000	1608	89
43100	1607	88
43200	1601	94
43300	1584	96
43400	1570	102
43500	1551	102
43600	1525	112
43700	1529	109
43800	1519	107
43900	1509	103
44000	1499	108
44100	1485	110
44200	1484	114
44300	1466	116
44400	1450	118
44500	1439	118
44600	1426	112
44700	1406	121
44800	1392	129
44900	1385	132
45000	1360	135
45100	1353	133
45200	1335	137
45300	1323	135
45400	1311	134
45500	1302	130
45600	1296	130
45700	1275	124
45800	1258	121
45900	1245	115
46000	1249	106
46100	1243	106
46200	1236	104
46300	1233	98
46400	1228	91
46500	1221	88
46600	1214	93
46700	1211	89
46800	1200	91
46900	1192	99
47000	1196	96
47100	1187	91
47200	1172	90
47300	1165	91
47400	1159	98
47500	1156	91
47600	1152	86
47700	1146	90
47800	1141	80
47900	1142	73
48000	1130	74
48100	1128	69
48200	1134	69
48300	1135	67
48400	1128	66
48500	1127	61
48600	1129	59
48700	1125	62
48800	1112	66
48900	1114	66
49000	1107	71
49100	1099	74
49200	1102	71
49300	1093	69
49400	1091	71
49500	1089	73
49600	1084	77
49700	1080	76
49800	1083	72
49900	1082	72
50000	1087	63
50100	1090	56
50200	1088	58
50300	1091	50
50400	1086	53
50500	1080	56
50600	1085	56
50700	1092	52
50800	1088	49
50900	1091	49
51000	1095	45
51100	1105	38
51200	1105	40
51300	1107	35
51400	1113	33
51500	1122	33
51600	1120	37
51700	1122	39
51800	1123	38
51900	1130	42
52000	1131	40
52100	1137	35
52200	1138	36
52300	1147	32
52400	1148	26
52500	1152	26
52600	1155	24
52700	1160	28
52800	1168	25
52900	1174	24
53000	1180	22
53100	1191	17
53200	1203	19
53300	1217	13
53400	1213	20
53500	1229	19
53600	1244	20
53700	1248	22
53800	1252	21
53900	1250	22
54000	1261	23
54100	1271	23
54200	1277	22
54300	1289	18
54400	1298	16
54500	1304	15
54600	1315	15
54700	1326	11
54800	1340	9
54900	1345	11
55000	1356	13
55100	1365	14
55200	1381	12
55300	1394	12
55400	1396	10
55500	1406	11
55600	1419	11
55700	1431	10
55800	1444	8
55900	1458	5
56000	1468	3
56100	1474	3
56200	1486	2
56300	1497	2
56400	1506	1
56500	1516	1
56600	1533	1
56700	1544	1
56800	1558	1
56900	1570	1
57000	1576	1
57100	1582	1
57200	1590	1
57300	1605	1
57400	1621	1
57500	1636	1
57600	1645	1
57700	1655	0
57800	1672	0
57900	1680	0
58000	1697	0
58100	1707	0
58200	1714	0
58300	1731	0
58400	1743	0
58500	1757	0
58600	1773	0
58700	1782	0
58800	1788	0
58900	1795	0
59000	1805	0
59100	1818	0
59200	1826	0
59300	1839	0
59400	1852	0
59500	1867	0
59600	1876	0
59700	1881	0
59800	1895	0
59900	1905	0
60000	1916	0
60100	1929	0
60200	1940	0
60300	1952	0
60400	1967	0
60500	1975	0
60600	1986	0
60700	1994	0
60800	2008	0
60900	2026	0
61000	2041	0
61100	2061	0
61200	2072	0
61300	2080	0
61400	2087	0
61500	2097	0
61600	2102	0
61700	2112	0
61800	2115	0
61900	2128	0
62000	2138	0
62100	2148	0
62200	2160	0
62300	2174	0
62400	2186	0
62500	2200	0
62600	2212	0
62700	2224	0
62800	2231	0
62900	2244	0
63000	2252	0
63100	2261	0
63200	2279	0
63300	2292	0
63400	2306	0
63500	2317	0
63600	2324	0
63700	2336	0
63800	2349	0
63900	2363	0
64000	2374	0
64100	2385	0
64200	2395	0
64300	2402	0
64400	2417	0
64500	2424	0
64600	2444	0
64700	2456	0
64800	2467	0
64900	2479	0
65000	2489	0
65100	2501	0
65200	2507	0
65300	2528	0
65400	2541	0
65500	2548	0
65600	2557	0
65700	2562	0
65800	2580	0
65900	2590	0
66000	2601	0
66100	2614	0
66200	2631	0
66300	2645	0
66400	2659	0
66500	2671	0
66600	2681	0
66700	2697	0
66800	2710	0
66900	2726	0
67000	2735	0
