Time	Food	Creatures
100	1178	50
200	1176	50
300	1175	52
400	1165	53
500	1170	53
600	1169	48
700	1164	49
800	1170	50
900	1171	52
1000	1182	53
1100	1186	44
1200	1196	45
1300	1193	46
1400	1205	45
1500	1198	47
1600	1199	43
1700	1211	43
1800	1210	44
1900	1210	42
2000	1210	40
2100	1227	37
2200	1232	37
2300	1240	36
2400	1248	36
2500	1253	37
2600	1262	36
2700	1264	36
2800	1263	37
2900	1270	35
3000	1281	34
3100	1292	31
3200	1298	31
3300	1305	31
3400	1314	28
3500	1313	28
3600	1315	28
3700	1324	28
3800	1327	29
3900	1336	28
4000	1344	26
4100	1352	25
4200	1355	26
4300	1362	25
4400	1371	25
4500	1383	25
4600	1381	26
4700	1378	28
4800	1380	28
4900	1388	27
5000	1385	27
5100	1389	28
5200	1397	30
5300	1398	30
5400	1396	32
5500	1402	31
5600	1418	31
5700	1423	33
5800	1429	33
5900	1432	32
6000	1429	36
6100	1435	36
6200	1433	36
6300	1436	35
6400	1440	34
6500	1444	34
6600	1455	34
6700	1462	34
6800	1470	33
6900	1470	33
7000	1473	34
7100	1480	34
7200	1486	33
7300	1494	34
7400	1507	35
7500	1520	35
7600	1526	34
7700	1536	36
7800	1543	34
7900	1552	33
8000	1564	33
8100	1567	33
8200	1569	33
8300	1569	35
8400	1576	33
8500	1584	33
8600	1590	34
8700	1593	35
8800	1599	33
8900	1600	31
9000	1601	31
9100	1613	31
9200	1614	31
9300	1615	33
9400	1610	34
9500	1610	32
9600	1611	33
9700	1606	36
9800	1605	36
9900	1602	38
10000	1606	40
10100	1604	43
10200	1597	47
10300	1606	46
10400	1604	47
10500	1600	48
10600	1600	51
10700	1598	54
10800	1604	53
10900	1597	54
11000	1600	54
11100	1604	53
11200	1603	56
11300	1599	57
11400	1597	60
11500	1599	64
11600	1588	66
11700	1571	67
11800	1567	68
11900	1553	71
12000	1556	75
12100	1538	80
12200	1528	81
12300	1520	84
12400	1518	84
12500	1510	84
12600	1508	81
12700	1502	80
12800	1500	82
12900	1504	85
13000	1506	84
13100	1498	82
13200	1490	80
13300	1487	79
13400	1484	80
13500	1488	78
13600	1483	82
13700	1485	81
13800	1484	76
13900	1482	72
14000	1473	75
14100	1472	74
14200	1472	75
14300	1455	80
14400	1445	83
14500	1441	78
14600	1430	80
14700	1427	80
14800	1405	84
14900	1395	85
15000	1397	87
15100	1385	92
15200	1369	90
15300	1347	95
15400	1336	99
15500	1323	98
15600	1314	99
15700	1312	100
15800	1301	98
15900	1288	99
16000	1266	101
16100	1256	103
16200	1251	102
16300	1233	102
16400	1218	99
16500	1209	98
16600	1194	99
16700	1184	102
16800	1178	105
16900	1165	108
17000	1136	112
17100	1126	114
17200	1124	113
17300	1122	111
17400	1112	110
17500	1100	111
17600	1075	110
17700	1064	111
17800	1042	116
17900	1037	122
18000	1024	115
18100	1022	113
18200	1008	115
18300	997	114
18400	985	115
18500	981	114
18600	974	114
18700	960	112
18800	951	114
18900	943	112
19000	939	109
19100	930	110
19200	932	104
19300	929	105
19400	920	98
19500	910	97
19600	910	93
19700	912	89
19800	912	81
19900	914	75
20000	914	74
20100	918	72
20200	912	70
20300	904	71
20400	899	73
20500	886	68
20600	881	69
20700	886	68
20800	884	69
20900	884	67
21000	887	64
21100	885	63
21200	880	63
21300	886	61
21400	885	57
21500	884	54
21600	884	55
21700	884	56
21800	891	55
21900	896	54
22000	896	51
22100	895	50
22200	890	50
22300	896	48
22400	889	48
22500	890	49
22600	898	50
22700	900	50
22800	903	48
22900	911	48
23000	918	47
23100	913	47
23200	914	48
23300	920	46
23400	923	45
23500	928	44
23600	944	42
23700	954	41
23800	955	41
23900	952	39
24000	954	40
24100	962	39
24200	961	38
24300	973	37
24400	975	38
24500	985	35
24600	987	33
24700	996	31
24800	1008	31
24900	1012	30
25000	1022	29
25100	1023	25
25200	1032	22
25300	1040	21
25400	1049	20
25500	1058	20
25600	1061	22
25700	1076	21
25800	1082	21
25900	1084	20
26000	1094	20
26100	1109	20
26200	1114	21
26300	1123	19
26400	1133	18
26500	1141	18
26600	1145	19
26700	1150	21
26800	1157	21
26900	1161	21
27000	1166	21
27100	1170	20
27200	1181	20
27300	1186	19
27400	1190	21
27500	1196	21
27600	1202	20
27700	1213	19
27800	1220	17
27900	1224	17
28000	1229	17
28100	1233	18
28200	1235	18
28300	1240	17
28400	1246	16
28500	1255	16
28600	1259	16
28700	1273	16
28800	1280	15
28900	1283	18
29000	1293	17
29100	1299	17
29200	1310	17
29300	1322	17
29400	1343	17
29500	1344	20
29600	1353	18
29700	1361	18
29800	1377	18
29900	1384	18
30000	1385	18
30100	1386	17
30200	1388	19
30300	1400	19
30400	1410	19
30500	1421	19
30600	1429	19
30700	1439	20
30800	1439	21
30900	1437	21
31000	1437	23
31100	1446	23
31200	1452	24
31300	1454	25
31400	1463	26
31500	1471	26
31600	1484	26
31700	1486	26
31800	1492	26
31900	1506	26
32000	1507	27
32100	1524	27
32200	1525	28
32300	1534	26
32400	1536	27
32500	1538	26
32600	1543	27
32700	1549	26
32800	1553	25
32900	1558	27
33000	1563	27
33100	1566	27
33200	1577	29
33300	1587	28
33400	1598	29
33500	1606	27
33600	1606	27
33700	1611	30
33800	1608	31
33900	1615	31
34000	1616	34
34100	1618	33
34200	1617	33
34300	1620	32
34400	1620	33
34500	1622	33
34600	1618	32
34700	1626	32
34800	1625	33
34900	1632	33
35000	1646	31
35100	1646	33
35200	1653	32
35300	1658	32
35400	1655	35
35500	1663	37
35600	1672	36
35700	1671	36
35800	1681	38
35900	1686	38
36000	1682	40
36100	1689	39
36200	1685	40
36300	1685	43
36400	1683	45
36500	1677	47
36600	1670	53
36700	1666	52
36800	1667	55
36900	1658	58
37000	1654	61
37100	1658	63
37200	1643	64
37300	1639	69
37400	1634	68
37500	1630	67
37600	1624	70
37700	1618	73
37800	1610	73
37900	1603	70
38000	1595	71
38100	1594	71
38200	1596	73
38300	1596	72
38400	1593	72
38500	1584	74
38600	1573	74
38700	1573	73
38800	1575	72
38900	1576	73
39000	1572	75
39100	1568	76
39200	1554	76
39300	1555	79
39400	1548	80
39500	1532	80
39600	1521	85
39700	1510	88
39800	1502	88
39900	1494	88
40000	1478	89
40100	1463	94
40200	1466	93
40300	1466	94
40400	1459	89
40500	1448	92
40600	1441	91
40700	1437	92
40800	1431	90
40900	1427	90
41000	1420	89
41100	1415	89
41200	1407	85
41300	1399	84
41400	1398	84
41500	1387	81
41600	1385	81
41700	1376	79
41800	1369	79
41900	1354	80
42000	1342	82
42100	1332	84
42200	1322	82
42300	1303	90
42400	1289	94
42500	1294	95
42600	1284	95
42700	1275	96
42800	1266	102
42900	1263	101
43000	1256	102
43100	1247	100
43200	1231	102
43300	1226	102
43400	1220	100
43500	1210	102
43600	1200	103
43700	1186	103
43800	1184	104
43900	1176	103
44000	1159	102
44100	1149	105
44200	1141	107
44300	1130	106
44400	1123	105
44500	1112	106
44600	1098	110
44700	1086	108
44800	1074	109
44900	1061	109
45000	1059	106
45100	1048	110
45200	1042	107
45300	1029	106
45400	1022	106
45500	1012	106
45600	1009	102
45700	1008	96
45800	1004	98
45900	989	100
46000	990	93
46100	986	91
46200	983	90
46300	978	87
46400	981	89
46500	977	88
46600	968	88
46700	959	87
46800	962	84
46900	963	82
47000	959	82
47100	955	79
47200	963	78
47300	958	72
47400	960	72
47500	960	71
47600	961	68
47700	966	67
47800	963	70
47900	970	66
48000	967	66
48100	972	63
48200	980	61
48300	973	58
48400	975	56
48500	973	56
48600	983	56
48700	990	56
48800	998	55
48900	996	55
49000	1002	52
49100	1004	50
49200	1004	48
49300	1005	47
49400	1011	45
49500	1015	46
49600	1022	42
49700	1035	38
49800	1042	37
49900	1049	37
50000	1050	36
50100	1055	35
50200	1055	34
50300	1058	34
50400	1057	36
50500	1062	36
50600	1065	37
50700	1067	37
50800	1075	37
50900	1081	37
51000	1082	37
51100	1086	37
51200	1095	37
51300	1103	37
51400	1105	33
51500	1110	34
51600	1117	36
51700	1125	37
51800	1124	34
51900	1126	33
52000	1130	31
52100	1135	29
52200	1140	29
52300	1144	30
52400	1147	32
52500	1161	33
52600	1172	30
52700	1170	29
52800	1176	29
52900	1179	30
53000	1180	32
53100	1193	31
53200	1201	33
53300	1214	31
53400	1219	29
53500	1223	29
53600	1226	31
53700	1236	30
53800	1241	31
53900	1238	30
54000	1239	28
54100	1250	27
54200	1258	27
54300	1261	27
54400	1269	27
54500	1277	27
54600	1289	27
54700	1303	28
54800	1309	29
54900	1310	28
55000	1318	28
55100	1327	28
55200	1334	26
55300	1338	26
55400	1346	27
55500	1354	28
55600	1359	28
55700	1365	30
55800	1366	32
55900	1365	31
56000	1364	34
56100	1360	37
56200	1363	36
56300	1367	37
56400	1365	37
56500	1377	37
56600	1386	37
56700	1388	36
56800	1389	37
56900	1394	38
57000	1400	39
57100	1402	40
57200	1409	39
57300	1400	40
57400	1402	40
57500	1405	41
57600	1402	40
57700	1397	42
57800	1400	45
57900	1395	44
58000	1396	44
58100	1397	44
58200	1387	46
58300	1401	46
58400	1403	46
58500	1412	48
58600	1413	49
58700	1421	48
58800	1422	48
58900	1426	45
59000	1425	45
59100	1430	45
59200	1427	44
59300	1430	42
59400	1434	41
59500	1438	40
59600	1445	41
59700	1457	39
59800	1467	36
59900	1476	34
60000	1481	34
60100	1487	35
60200	1494	35
60300	1498	34
60400	1499	33
60500	1499	31
60600	1505	30
60700	1509	28
60800	1516	31
60900	1526	32
61000	1534	34
61100	1537	35
61200	1534	35
61300	1539	36
61400	1543	37
61500	1542	37
61600	1549	38
61700	1556	38
61800	1559	36
61900	1556	35
62000	1566	37
62100	1580	36
62200	1584	41
62300	1583	41
62400	1582	41
62500	1583	39
62600	1584	41
62700	1592	42
62800	1593	40
62900	1591	41
63000	1594	37
63100	1602	36
63200	1613	36
63300	1624	36
63400	1626	37
63500	1624	37
63600	1626	35
63700	1629	37
63800	1630	37
63900	1632	40
64000	1632	41
64100	1632	40
64200	1637	38
64300	1636	37
64400	1636	43
64500	1637	44
64600	1629	47
64700	1630	53
64800	1630	53
64900	1628	51
65000	1629	51
65100	1630	48
65200	1626	51
65300	1629	54
65400	1623	56
65500	1612	62
65600	1609	66
65700	1611	69
65800	1613	69
65900	1606	71
66000	1604	71
66100	1602	70
66200	1593	73
66300	1594	72
66400	1585	74
66500	1574	76
66600	1573	78
66700	1560	82
66800	1551	83
66900	1542	83
67000	1532	85
67100	1521	86
67200	1520	86
67300	1504	91
67400	1489	93
67500	1490	94
67600	1485	96
67700	1475	100
67800	1460	97
67900	1442	98
68000	1442	96
68100	1437	97
68200	1431	99
68300	1424	96
68400	1411	96
68500	1413	96
68600	1404	97
68700	1400	98
68800	1390	97
68900	1382	98
69000	1374	96
69100	1366	96
69200	1358	93
69300	1337	92
69400	1329	92
69500	1333	94
69600	1317	98
69700	1305	97
69800	1288	102
69900	1282	103
70000	1272	104
70100	1255	105
70200	1243	109
70300	1237	108
70400	1223	108
70500	1212	104
70600	1192	107
70700	1179	108
70800	1160	104
70900	1155	102
71000	1140	101
71100	1117	105
71200	1118	103
71300	1111	104
71400	1095	103
71500	1088	103
71600	1085	102
71700	1085	100
71800	1068	99
71900	1052	102
72000	1045	102
72100	1042	103
72200	1039	102
72300	1027	100
72400	1020	99
72500	1014	99
72600	1009	95
72700	1004	95
72800	1003	94
72900	993	95
73000	986	91
73100	976	91
73200	971	90
73300	969	90
73400	963	88
73500	957	84
73600	937	84
73700	933	82
73800	931	84
73900	929	82
74000	938	82
74100	940	80
74200	939	77
74300	947	74
74400	950	68
74500	953	63
74600	954	61
74700	954	57
74800	956	57
74900	961	51
75000	970	48
75100	979	42
75200	987	39
75300	994	37
75400	1004	31
75500	1013	29
75600	1025	27
75700	1032	27
75800	1034	25
75900	1039	24
76000	1040	25
76100	1043	24
76200	1047	25
76300	1054	26
76400	1062	26
76500	1059	28
76600	1071	29
76700	1079	30
76800	1085	29
76900	1092	27
77000	1093	27
77100	1089	28
77200	1102	28
77300	1110	28
77400	1121	28
77500	1140	28
77600	1142	29
77700	1150	27
77800	1156	27
77900	1162	28
78000	1172	27
78100	1175	28
78200	1178	27
78300	1184	28
78400	1186	26
78500	1190	27
78600	1198	29
78700	1202	29
78800	1211	29
78900	1223	29
79000	1222	30
79100	1224	28
79200	1230	27
79300	1234	27
79400	1236	27
79500	1235	28
79600	1243	28
79700	1246	29
79800	1246	32
79900	1252	32
80000	1251	32
80100	1254	31
80200	1260	32
80300	1266	33
80400	1278	32
80500	1282	31
80600	1294	31
80700	1303	29
80800	1302	31
80900	1300	33
81000	1304	33
81100	1310	35
81200	1314	34
81300	1317	36
81400	1316	35
81500	1312	35
81600	1317	35
81700	1318	35
81800	1325	36
81900	1330	35
82000	1332	33
82100	1331	32
82200	1335	33
82300	1336	34
82400	1340	34
82500	1337	36
82600	1343	36
82700	1345	34
82800	1350	34
82900	1355	35
83000	1357	34
83100	1365	35
83200	1367	35
83300	1374	35
83400	1381	33
83500	1387	30
83600	1399	28
83700	1399	26
83800	1407	25
83900	1411	24
84000	1414	29
84100	1420	33
84200	1423	33
84300	1433	36
84400	1429	37
84500	1430	39
84600	1436	39
84700	1437	38
84800	1439	39
84900	1447	39
85000	1453	41
85100	1455	42
85200	1458	40
85300	1463	41
85400	1458	42
85500	1458	42
85600	1462	42
85700	1470	41
85800	1474	40
85900	1459	46
86000	1454	48
86100	1458	47
86200	1453	47
86300	1453	48
86400	1452	50
86500	1454	50
86600	1448	53
86700	1448	55
86800	1447	55
86900	1450	54
87000	1455	52
87100	1455	54
87200	1453	54
87300	1453	56
87400	1457	58
87500	1458	59
87600	1460	60
87700	1456	63
87800	1461	63
87900	1457	63
88000	1459	59
88100	1451	60
88200	1449	62
88300	1444	61
88400	1437	65
88500	1442	64
88600	1437	66
88700	1445	67
88800	1447	65
88900	1446	66
89000	1445	69
89100	1444	69
89200	1438	71
89300	1433	69
89400	1431	70
89500	1431	70
89600	1433	70
89700	1436	70
89800	1431	70
89900	1434	67
90000	1434	64
90100	1436	64
90200	1437	63
90300	1435	62
90400	1435	63
90500	1425	64
90600	1426	67
90700	1426	68
90800	1424	67
90900	1431	67
91000	1425	65
91100	1426	64
91200	1418	65
91300	1418	65
91400	1414	66
91500	1409	63
91600	1405	65
91700	1409	61
91800	1399	64
91900	1398	66
92000	1388	67
92100	1386	67
92200	1389	69
92300	1382	71
92400	1377	71
92500	1371	72
92600	1370	73
92700	1366	73
92800	1360	74
92900	1353	74
93000	1336	78
93100	1327	84
93200	1324	84
93300	1310	87
93400	1306	89
93500	1294	90
93600	1278	95
93700	1274	94
93800	1258	94
93900	1241	100
94000	1239	101
94100	1233	103
94200	1229	104
94300	1213	105
94400	1197	107
94500	1190	106
94600	1181	104
94700	1180	102
94800	1170	105
94900	1164	105
95000	1156	100
95100	1134	99
95200	1131	107
95300	1122	103
95400	1121	102
95500	1121	95
95600	1104	94
95700	1099	93
95800	1097	94
95900	1100	84
96000	1088	86
96100	1079	86
96200	1083	85
96300	1085	83
96400	1081	82
96500	1075	84
96600	1069	83
96700	1064	80
96800	1071	79
96900	1068	76
97000	1059	74
97100	1054	73
97200	1042	73
97300	1044	70
97400	1049	71
97500	1051	68
97600	1051	67
97700	1050	65
97800	1056	63
97900	1063	60
98000	1065	56
98100	1071	58
98200	1073	56
98300	1072	53
98400	1072	52
98500	1069	50
98600	1066	48
98700	1073	47
98800	1073	43
98900	1078	43
99000	1077	44
99100	1080	42
99200	1086	45
99300	1088	43
99400	1089	44
99500	1086	43
99600	1088	42
99700	1091	41
99800	1088	41
99900	1093	40
100000	1090	40
100100	1098	38
100200	1099	37
100300	1095	37
100400	1105	36
100500	1117	33
100600	1117	34
100700	1125	34
100800	1133	33
100900	1137	33
101000	1144	34
101100	1154	32
101200	1162	31
101300	1170	30
101400	1184	27
101500	1190	25
101600	1194	27
101700	1207	27
101800	1213	25
101900	1228	25
102000	1235	23
102100	1235	23
102200	1247	23
102300	1259	23
102400	1264	23
102500	1271	20
102600	1282	18
102700	1290	18
102800	1301	17
102900	1303	18
103000	1308	18
103100	1321	18
103200	1331	18
103300	1338	18
103400	1345	19
103500	1351	20
103600	1364	20
103700	1368	19
103800	1377	19
103900	1387	20
104000	1401	19
104100	1407	20
104200	1422	20
104300	1431	20
104400	1445	20
104500	1447	20
